########### DATASET ###########
########### Sawmill Strike Dataset - Unweightened Undirected, ############
External evaluation: [Jaccard] Jaccard Coefficient External Evaluation
With values: [0,46875, 0,3971631205673759, 0,6422764227642277, 0,5166666666666667, 0,5555555555555556, 0,3971631205673759, 0,7017543859649122, 0,3931034482758621, 0,5702479338842975, 0,6349206349206349, 0,5702479338842975, 0,49230769230769234, 0,4621212121212121, 0,49230769230769234, 0,5147058823529411, 0,552, 0,5555555555555556, 0,42424242424242425, 0,5537190082644629, 0,559322033898305, 0,5932203389830508, 0,6495726495726496, 0,5573770491803278, 0,46875, 0,552, 0,5333333333333333, 0,559322033898305, 0,46875, 0,49230769230769234, 0,44776119402985076]
With average: 0,5258841671802232

    For criteria : Modularity Q Criteria Calculator
        For distance: Neighbour Overlap Distance Calculator
            With values: [0,15391274238227148, 0,10474376731301938, 0,19442520775623268, 0,15893351800554015, 0,19754155124653738, 0,10474376731301938, 0,20100415512465375, 0,106994459833795, 0,18611495844875345, 0,16862880886426596, 0,1525277008310249, 0,1450831024930748, 0,12551939058171746, 0,12984764542936286, 0,1390235457063712, 0,15460526315789472, 0,1989265927977839, 0,11322714681440442, 0,19200138504155123, 0,17087950138504154, 0,18317174515235457, 0,21173822714681442, 0,1963296398891967, 0,15391274238227148, 0,15460526315789472, 0,18680747922437677, 0,17087950138504154, 0,15529778393351798, 0,14144736842105263, 0,16049168975069253]
            Calculating correlation with: [Jaccard] Jaccard Coefficient External Evaluation
                Spearman correlation: 0,7937148760130655
                Pearson correlation: 0,8353085296520627
        For distance: Edge Path Distance Calculator
            With values: [0,15391274238227148, 0,10474376731301938, 0,19442520775623268, 0,15893351800554015, 0,19754155124653738, 0,10474376731301938, 0,20100415512465375, 0,106994459833795, 0,18611495844875345, 0,16862880886426596, 0,1525277008310249, 0,1450831024930748, 0,12551939058171746, 0,12984764542936286, 0,1390235457063712, 0,15460526315789472, 0,1989265927977839, 0,11322714681440442, 0,19200138504155123, 0,17087950138504154, 0,18317174515235457, 0,21173822714681442, 0,1963296398891967, 0,15391274238227148, 0,15460526315789472, 0,18680747922437677, 0,17087950138504154, 0,15529778393351798, 0,14144736842105263, 0,16049168975069253]
            Calculating correlation with: [Jaccard] Jaccard Coefficient External Evaluation
                Spearman correlation: 0,7937148760130655
                Pearson correlation: 0,8353085296520627
        For distance: Adjacency Relation Distance Calculator
            With values: [0,15391274238227148, 0,10474376731301938, 0,19442520775623268, 0,15893351800554015, 0,19754155124653738, 0,10474376731301938, 0,20100415512465375, 0,106994459833795, 0,18611495844875345, 0,16862880886426596, 0,1525277008310249, 0,1450831024930748, 0,12551939058171746, 0,12984764542936286, 0,1390235457063712, 0,15460526315789472, 0,1989265927977839, 0,11322714681440442, 0,19200138504155123, 0,17087950138504154, 0,18317174515235457, 0,21173822714681442, 0,1963296398891967, 0,15391274238227148, 0,15460526315789472, 0,18680747922437677, 0,17087950138504154, 0,15529778393351798, 0,14144736842105263, 0,16049168975069253]
            Calculating correlation with: [Jaccard] Jaccard Coefficient External Evaluation
                Spearman correlation: 0,7937148760130655
                Pearson correlation: 0,8353085296520627
        For distance: Pearson Correlation Distance Calculator
            With values: [0,15391274238227148, 0,10474376731301938, 0,19442520775623268, 0,15893351800554015, 0,19754155124653738, 0,10474376731301938, 0,20100415512465375, 0,106994459833795, 0,18611495844875345, 0,16862880886426596, 0,1525277008310249, 0,1450831024930748, 0,12551939058171746, 0,12984764542936286, 0,1390235457063712, 0,15460526315789472, 0,1989265927977839, 0,11322714681440442, 0,19200138504155123, 0,17087950138504154, 0,18317174515235457, 0,21173822714681442, 0,1963296398891967, 0,15391274238227148, 0,15460526315789472, 0,18680747922437677, 0,17087950138504154, 0,15529778393351798, 0,14144736842105263, 0,16049168975069253]
            Calculating correlation with: [Jaccard] Jaccard Coefficient External Evaluation
                Spearman correlation: 0,7937148760130655
                Pearson correlation: 0,8353085296520627
    For criteria : C Index Criteria Calculator
        For distance: Neighbour Overlap Distance Calculator
            With values: [0,45206166605357234, 0,49254255425876925, 0,36890947396582185, 0,4109136285454109, 0,35054466965700903, 0,49254255425876925, 0,38522890679864763, 0,474233354512925, 0,4305922482694028, 0,37211985419523025, 0,44977092599404633, 0,44045747918268985, 0,4747516971541312, 0,40510985519847426, 0,44082533525064355, 0,38188476072634736, 0,29287376479713906, 0,47849714075510763, 0,3234123666521748, 0,41863692606092967, 0,3734073504330658, 0,2957562786342497, 0,3685583386282306, 0,45732869611744553, 0,38188476072634736, 0,29918402835835806, 0,4565093803297319, 0,42114503561515443, 0,41957328696117335, 0,3665518509848502]
            Calculating correlation with: [Jaccard] Jaccard Coefficient External Evaluation
                Spearman correlation: -0,5874099119443582
                Pearson correlation: -0,6303283322206124
        For distance: Edge Path Distance Calculator
            With values: [0,631578947368421, 0,5526315789473685, 0,7368421052631579, 0,6052631578947368, 0,6842105263157895, 0,5526315789473685, 0,7105263157894737, 0,5789473684210527, 0,6842105263157895, 0,7105263157894737, 0,631578947368421, 0,6052631578947368, 0,5789473684210527, 0,6052631578947368, 0,6578947368421053, 0,6578947368421053, 0,6842105263157895, 0,5526315789473685, 0,6842105263157895, 0,631578947368421, 0,6842105263157895, 0,7631578947368421, 0,7105263157894737, 0,631578947368421, 0,6578947368421053, 0,6842105263157895, 0,631578947368421, 0,6052631578947368, 0,631578947368421, 0,6578947368421053]
            Calculating correlation with: [Jaccard] Jaccard Coefficient External Evaluation
                Spearman correlation: 0,8177901156123298
                Pearson correlation: 0,8641897234490766
        For distance: Adjacency Relation Distance Calculator
            With values: [0,38312607652585245, 0,4182373386148446, 0,29233645552578863, 0,3400138907876031, 0,29293234150264713, 0,4182373386148446, 0,27317393356885245, 0,4232134299068202, 0,3132468598436737, 0,33842062422890756, 0,3807523330901252, 0,3504337938111181, 0,38816236877786986, 0,3842856286566182, 0,39412870844694015, 0,36156237250660167, 0,2564000691241826, 0,4168236009869125, 0,269955199992558, 0,3321425958532443, 0,3216913335374029, 0,2852021203277986, 0,29555819327528926, 0,38717546155131893, 0,36156237250660167, 0,2840081516278298, 0,34676613502241793, 0,32142599201263683, 0,39134378014936916, 0,3379807623697414]
            Calculating correlation with: [Jaccard] Jaccard Coefficient External Evaluation
                Spearman correlation: -0,7113097264515899
                Pearson correlation: -0,7367709523341899
        For distance: Pearson Correlation Distance Calculator
            With values: [0,42772224426144084, 0,47725462533198215, 0,34075991798697836, 0,39005705600775537, 0,36576866494437954, 0,47725462533198215, 0,33754609172641564, 0,4637945874695973, 0,39088785761339595, 0,3457021312989969, 0,4184343583215169, 0,4150727268107521, 0,4477280618190518, 0,38367828929784, 0,424610439901165, 0,373207119970331, 0,3211357059907153, 0,4584326251179612, 0,3432362230115299, 0,3804106692271986, 0,3396900442907227, 0,28043973795463545, 0,3476149437962938, 0,4366764160781021, 0,373207119970331, 0,335320650657706, 0,4136081325388672, 0,39843233833052477, 0,4037940998492351, 0,40163568270846023]
            Calculating correlation with: [Jaccard] Jaccard Coefficient External Evaluation
                Spearman correlation: -0,7741509992772001
                Pearson correlation: -0,8373531162057553
    For criteria : Davies Bouldin Criteria Calculator
        For distance: Neighbour Overlap Distance Calculator
            With values: [1,3541093474426806, 1,3367063492063487, 1,2714285714285714, 1,2973544973544975, 1,2933862433862435, 1,3367063492063487, 1,2917989417989415, 1,3257631257631255, 1,3457251082251083, 1,22497964997965, 1,3408008658008659, 1,3195767195767194, 1,3315873015873017, 1,3186507936507934, 1,2634411884411885, 1,2722222222222221, 1,233068783068783, 1,3514790764790763, 1,2621693121693118, 1,3201058201058198, 1,321957671957672, 1,2406349206349205, 1,2943001443001443, 1,3541093474426806, 1,2722222222222221, 1,2363492063492063, 1,35010582010582, 1,3034920634920635, 1,3186507936507934, 1,28531746031746]
            Calculating correlation with: [Jaccard] Jaccard Coefficient External Evaluation
                Spearman correlation: -0,40699897882613223
                Pearson correlation: -0,5142129233667685
        For distance: Edge Path Distance Calculator
            With values: [2,0, 2,0, 1,4285714285714284, 1,9974368165136842E307, 3,899757594145764E307, 2,0, 5,307474969593503E307, 2,0, 2,0, Infinity, 1,089510990825646E307, 2,0, 1,1984620899082106E307, 2,0, Infinity, 2,5681330498033083E307, 3,899757594145764E307, 2,9961552247705263E307, 2,9961552247705263E307, 1,797693134862316E307, 1,797693134862316E307, 1,797693134862316E307, 4,49423283715579E307, 2,0, 2,5681330498033083E307, 2,3113197448229774E307, 1,797693134862316E307, 2,0, 1,4980776123852632E307, 2,0]
            Calculating correlation with: [Jaccard] Jaccard Coefficient External Evaluation
                Spearman correlation: 0,409370441762519
                Pearson correlation: NaN
        For distance: Adjacency Relation Distance Calculator
            With values: [1,5487650849592278, 1,5351564998998106, 1,36923149817085, 1,3847492119861546, 1,3725129982607083, 1,5351564998998106, 1,4069914804197863, 1,4003012107001425, 1,5417124081559934, 1,6255658695759405, 1,754003960614837, 1,412442572807202, 1,7123790323550292, 1,4164128392550612, 1,6343128644593854, 1,373474247522326, 1,3177205857388687, 1,4441048677256263, 1,356597774118209, 1,4254218548411086, 1,5412722528727363, 1,3364572181747019, 1,3603453102906, 1,5487650849592278, 1,373474247522326, 1,3478353976861581, 1,4334541336860682, 1,376158958128881, 1,4191398425410704, 1,3603311102353042]
            Calculating correlation with: [Jaccard] Jaccard Coefficient External Evaluation
                Spearman correlation: -0,16202372439714724
                Pearson correlation: -0,13808656715256587
        For distance: Pearson Correlation Distance Calculator
            With values: [1,4394355323715744, 1,3872430871459394, 1,1599493982200397, 1,2168607929459656, 1,1784358583532504, 1,3872430871459394, 1,11966375916231, 1,2455032672259523, 1,462967761011653, 1,0801361255937554, 1,2894464873205709, 1,2013701583620704, 1,2841459257786503, 1,4114009231086744, 1,1311460641319018, 1,1675989381083425, 1,1562656240168574, 1,4982606859998822, 1,1503526027787503, 1,2302768711842782, 1,4837083683254702, 1,1175341802144985, 1,1960932206869597, 1,2673317095936139, 1,1675989381083425, 1,1613313026154337, 1,2456182908406783, 1,1867532903499716, 1,203072182004537, 1,2156280787755052]
            Calculating correlation with: [Jaccard] Jaccard Coefficient External Evaluation
                Spearman correlation: -0,44635131017623264
                Pearson correlation: -0,4702891531009526
    For criteria : Silhouette Width Criteria 2 Calculator
        For distance: Neighbour Overlap Distance Calculator
            With values: [-0,02816938669051345, -0,029784122418407367, -0,03793974022357481, -0,014151860786232604, -0,004054363076746903, -0,029784122418407367, -0,02030708666653367, -0,038369212950801763, -0,02232101115340947, -0,04168203665372129, -0,020696417430568347, -0,031604219535254024, -0,027039471926167832, -0,023469525165304487, -0,0424697537436502, -0,0240671148714941, -0,003304756331750562, -0,025659155723922432, -0,013854373500455036, -0,01722185272126587, -0,019483568075117367, -0,026041666666666664, -0,020277777777777777, -0,026423354944481704, -0,0240671148714941, -0,004691289649388022, -0,01672629366955608, -0,02320312499999999, -0,03173306158494531, -0,011428970658107072]
            Calculating correlation with: [Jaccard] Jaccard Coefficient External Evaluation
                Spearman correlation: 0,28701971418222044
                Pearson correlation: 0,14607093727960613
        For distance: Edge Path Distance Calculator
            With values: [-0,7541666666666667, -0,7268518518518517, -0,846153846153846, -0,7771164021164021, -0,8799189814814815, -0,7268518518518517, -0,9204861111111111, -0,7692307692307692, -0,7962831439393938, -0,9033119658119657, -0,8137626262626263, -0,7491898148148147, -0,7694444444444445, -0,7835648148148149, -0,8664529914529915, -0,8333333333333333, -0,8197337962962963, -0,7424242424242424, -0,7965367965367964, -0,8395833333333332, -0,8239583333333332, -0,8666666666666667, -0,7933791035353535, -0,7425925925925926, -0,8333333333333333, -0,8333333333333333, -0,8395833333333332, -0,7509259259259259, -0,8125, -0,8090277777777778]
            Calculating correlation with: [Jaccard] Jaccard Coefficient External Evaluation
                Spearman correlation: -0,7921081443835962
                Pearson correlation: -0,835031373989422
        For distance: Adjacency Relation Distance Calculator
            With values: [-0,03277428572607603, -0,03105709493957893, -0,03657868973771809, -0,016013503929633344, -0,006356736529449497, -0,03105709493957893, -0,01658924867979578, -0,03906627149247974, -0,022089494252751717, -0,04014793013336963, -0,021007083107381086, -0,02936980011840142, -0,02306166818317238, -0,025323602844130794, -0,041163510105363836, -0,027629084654495, -0,005157036063046177, -0,026111972342224933, -0,012393690340997118, -0,0161076077294589, -0,024069744035348523, -0,0307567939998922, -0,020882843381214298, -0,03026824442394975, -0,027629084654495, -0,004714782481103532, -0,018513809196530104, -0,024292762021590183, -0,033775701303111895, -0,011770929984353655]
            Calculating correlation with: [Jaccard] Jaccard Coefficient External Evaluation
                Spearman correlation: 0,23376062125555064
                Pearson correlation: 0,17531178683987392
        For distance: Pearson Correlation Distance Calculator
            With values: [-0,02855486752932961, -0,033928637549525326, -0,033885318531643255, -0,016422811568116275, -0,013783102406907013, -0,033928637549525326, -0,018381442998554667, -0,0362590765573152, -0,021482239093493564, -0,03546728288715968, -0,024247949522325125, -0,029680058572521616, -0,027995508302645623, -0,020975882382567736, -0,04101337591900418, -0,022212084757043286, -0,009435965363598987, -0,032379320806321624, -0,022055913931165218, -0,018979284567772495, -0,015477208227465816, -0,018592719402791405, -0,01507714734349256, -0,025615058117726387, -0,022212084757043286, -0,012750802624388333, -0,02051066730220216, -0,022366738215326393, -0,032603195821495685, -0,019730532666801446]
            Calculating correlation with: [Jaccard] Jaccard Coefficient External Evaluation
                Spearman correlation: 0,45593349007517336
                Pearson correlation: 0,39933955406008537
    For criteria : Variance Ratio Criteria Calculator
        For distance: Neighbour Overlap Distance Calculator
            With values: [12,207482486212548, 12,468457770520999, 13,334365804553194, 10,471639310201535, 13,7466737626397, 12,468457770520999, 13,38758163159531, 12,780169214784024, 12,59937003149842, 13,051584835301426, 12,63918146253385, 13,11633575382115, 11,93181818181818, 13,107017810930124, 12,63918146253385, 11,191222570532913, 11,905291240551355, 13,09188065904705, 14,354689958227091, 13,11633575382115, 12,521021250573304, 9,42912123155869, 10,493441599000624, 12,207482486212548, 11,191222570532913, 11,89603465511496, 12,869313935528869, 9,817161853313939, 13,107017810930124, 13,62988760487573]
            Calculating correlation with: [Jaccard] Jaccard Coefficient External Evaluation
                Spearman correlation: 0,0934121341110963
                Pearson correlation: -0,03301914374776987
        For distance: Edge Path Distance Calculator
            With values: [10,0, 10,0, 35,0, 1,3350443151043208E-306, 6,675221575521604E-307, 10,0, 6,675221575521604E-307, 10,0, 10,0, 4,450147717014403E-307, 1,3350443151043208E-306, 10,0, 1,3350443151043208E-306, 10,0, 6,675221575521604E-307, 1,3350443151043208E-306, 6,675221575521604E-307, 1,3350443151043208E-306, 1,3350443151043208E-306, 1,3350443151043208E-306, 1,3350443151043208E-306, 1,3350443151043208E-306, 6,675221575521604E-307, 10,0, 1,3350443151043208E-306, 6,675221575521604E-307, 1,3350443151043208E-306, 10,0, 1,3350443151043208E-306, 10,0]
            Calculating correlation with: [Jaccard] Jaccard Coefficient External Evaluation
                Spearman correlation: -0,4581368984353591
                Pearson correlation: -0,1529919038890217
        For distance: Adjacency Relation Distance Calculator
            With values: [11,44718394374662, 11,233844431101492, 12,072509949651991, 11,116944043518867, 12,704949780070418, 11,233844431101492, 11,953156970093211, 11,774181924124287, 11,463860121027654, 7,724666101635188, 7,665641037636145, 11,945936431372173, 6,8198344750297055, 11,936147314463879, 7,621038128279237, 11,141837427069648, 12,080417398295594, 11,7661180759994, 12,779656498100122, 11,952792018327575, 11,50928440568851, 10,9624478554149, 11,233970027821915, 11,44718394374662, 11,141837427069648, 11,94273225371327, 11,896439236137653, 10,964757102207262, 11,936147314463879, 12,589622193934462]
            Calculating correlation with: [Jaccard] Jaccard Coefficient External Evaluation
                Spearman correlation: 0,09762626107658542
                Pearson correlation: -0,04397602484241659
        For distance: Pearson Correlation Distance Calculator
            With values: [14,949884552070268, 11,712256840915163, 13,695413833827422, 11,322212829988803, 14,406472215919342, 11,712256840915163, 14,799773021528273, 12,715909291669632, 11,833807845211838, 14,348115296501211, 12,887531410163124, 13,366411657742802, 12,058996725681489, 12,537982670759273, 13,668836269284437, 12,280419550730969, 12,608083590574024, 12,006119142988672, 14,486192139434774, 13,376955689763273, 11,661568792520473, 10,444145089077288, 11,326093772537693, 11,8860655309254, 12,280419550730969, 12,56392943028475, 13,060833453558125, 10,630191634653423, 13,327086962528709, 13,294910800906939]
            Calculating correlation with: [Jaccard] Jaccard Coefficient External Evaluation
                Spearman correlation: 0,19342632912280086
                Pearson correlation: 0,2521987889690825
    For criteria : PBM Criteria Calculator
        For distance: Neighbour Overlap Distance Calculator
            With values: [0,02086749142942316, 0,020780762950868333, 0,021681895617159663, 0,02181591522958653, 0,022352315061202763, 0,020780762950868333, 0,02176842541722815, 0,020780762950868333, 0,02099895005249737, 0,02175264139216904, 0,02106530243755642, 0,021327375209465288, 0,020933014354066977, 0,02131222408281321, 0,021065302437556416, 0,021943573667711592, 0,023343708314806574, 0,020780762950868333, 0,022785222155916014, 0,021327375209465288, 0,02140345512918513, 0,02245028864656831, 0,021861336664584632, 0,02086749142942316, 0,021943573667711592, 0,023325558147284237, 0,020925713716307102, 0,02181591522958653, 0,02131222408281321, 0,022162418869716635]
            Calculating correlation with: [Jaccard] Jaccard Coefficient External Evaluation
                Spearman correlation: 0,47634457780664885
                Pearson correlation: 0,4403849296034256
        For distance: Edge Path Distance Calculator
            With values: [0,013888888888888888, 0,013888888888888888, 0,16666666666666666, 1,854228215422666E-309, 9,27114107711336E-310, 0,013888888888888888, 9,27114107711336E-310, 0,013888888888888888, 0,013888888888888888, 0,1111111111111111, 0,3333333333333333, 0,013888888888888888, 0,3333333333333333, 0,013888888888888888, 0,16666666666666666, 1,854228215422666E-309, 9,27114107711336E-310, 1,854228215422666E-309, 1,854228215422666E-309, 1,854228215422666E-309, 1,854228215422666E-309, 1,854228215422666E-309, 9,27114107711336E-310, 0,013888888888888888, 1,854228215422666E-309, 0,16666666666666666, 1,854228215422666E-309, 0,013888888888888888, 1,854228215422666E-309, 0,013888888888888888]
            Calculating correlation with: [Jaccard] Jaccard Coefficient External Evaluation
                Spearman correlation: -0,2766180205394471
                Pearson correlation: 0,07299588181808733
        For distance: Adjacency Relation Distance Calculator
            With values: [0,01988448586759419, 0,0196365237540498, 0,02214263825441736, 0,02219184884629774, 0,02275476881192951, 0,0196365237540498, 0,021792557453889472, 0,021595463758147432, 0,019913453447140367, 0,020190394205656846, 0,01966653438932748, 0,021779393232477507, 0,020075444294506837, 0,021761546073506822, 0,019919535943919545, 0,02236075304535411, 0,023774659817418643, 0,021323972306966026, 0,023160828363085972, 0,021534210956341657, 0,019992358315868174, 0,022681706934592333, 0,02272317633707255, 0,01988448586759419, 0,02236075304535411, 0,023656475835730315, 0,02143268549703526, 0,022354650741661868, 0,021761546073506822, 0,022952937510193117]
            Calculating correlation with: [Jaccard] Jaccard Coefficient External Evaluation
                Spearman correlation: 0,22890906421382134
                Pearson correlation: 0,24353111524934937
        For distance: Pearson Correlation Distance Calculator
            With values: [0,02232659487035442, 0,022965360505914238, 0,02378724778189248, 0,023821279761348152, 0,02493368226454246, 0,022965360505914238, 0,0255297178342085, 0,022085968979331093, 0,02359470315787974, 0,02532982210239815, 0,02444890932887936, 0,023242927179051485, 0,023817740516632775, 0,024053819193698454, 0,02413063903467589, 0,02423886865650632, 0,02498497702808935, 0,022910432416914137, 0,024389380387210717, 0,023315727000743407, 0,024202002216156565, 0,025027108646008364, 0,02376228475873274, 0,022232462625398165, 0,02423886865650632, 0,02486438291212019, 0,022764733192498672, 0,02380027137781485, 0,023174545248986503, 0,023118593943533258]
            Calculating correlation with: [Jaccard] Jaccard Coefficient External Evaluation
                Spearman correlation: 0,6531481228789507
                Pearson correlation: 0,7408531899276309
    For criteria : Dunn Index Criteria Calculator
        For distance: Neighbour Overlap Distance Calculator
            With values: [0,6666666666666667, 0,5, 0,6666666666666667, 0,75, 0,75, 0,5, 0,75, 0,8, 0,6666666666666667, 0,8333333333333334, 0,625, 0,625, 0,8571428571428572, 0,625, 0,8, 0,6666666666666667, 0,75, 0,625, 0,6666666666666667, 0,75, 0,875, 0,8888888888888888, 0,8, 0,5, 0,6666666666666667, 0,6666666666666667, 0,75, 0,75, 0,6666666666666667, 0,8]
            Calculating correlation with: [Jaccard] Jaccard Coefficient External Evaluation
                Spearman correlation: 0,3461304649224269
                Pearson correlation: 0,4264963940410454
        For distance: Edge Path Distance Calculator
            With values: [5,562684646268003E-309, 5,562684646268003E-309, 5,562684646268003E-309, 5,562684646268003E-309, 5,562684646268003E-309, 5,562684646268003E-309, 5,562684646268003E-309, 5,562684646268003E-309, 5,562684646268003E-309, 5,562684646268003E-309, 5,562684646268003E-309, 5,562684646268003E-309, 5,562684646268003E-309, 5,562684646268003E-309, 5,562684646268003E-309, 5,562684646268003E-309, 5,562684646268003E-309, 5,562684646268003E-309, 5,562684646268003E-309, 5,562684646268003E-309, 5,562684646268003E-309, 5,562684646268003E-309, 5,562684646268003E-309, 5,562684646268003E-309, 5,562684646268003E-309, 5,562684646268003E-309, 5,562684646268003E-309, 5,562684646268003E-309, 5,562684646268003E-309, 5,562684646268003E-309]
            Calculating correlation with: [Jaccard] Jaccard Coefficient External Evaluation
                Spearman correlation: NaN
                Pearson correlation: NaN
        For distance: Adjacency Relation Distance Calculator
            With values: [0,5, 0,4264014327112209, 0,47140452079103173, 0,5773502691896257, 0,5773502691896257, 0,4264014327112209, 0,5773502691896257, 0,6030226891555273, 0,5, 0,6741998624632421, 0,5222329678670935, 0,47140452079103173, 0,6741998624632421, 0,4264014327112209, 0,6030226891555273, 0,5222329678670935, 0,5773502691896257, 0,5222329678670935, 0,47140452079103173, 0,5773502691896257, 0,5773502691896257, 0,5773502691896257, 0,6666666666666666, 0,47140452079103173, 0,5222329678670935, 0,5222329678670935, 0,5773502691896257, 0,47140452079103173, 0,4264014327112209, 0,6030226891555273]
            Calculating correlation with: [Jaccard] Jaccard Coefficient External Evaluation
                Spearman correlation: 0,26719971196429376
                Pearson correlation: 0,31702939167423927
        For distance: Pearson Correlation Distance Calculator
            With values: [0,3755137269131486, 0,2779701850416349, 0,3680152124065266, 0,5113695244183327, 0,5113695244183327, 0,2779701850416349, 0,5113695244183327, 0,5328939021841418, 0,3755137269131486, 0,6063347013320958, 0,4006218637167848, 0,34835467136117465, 0,6765959268220342, 0,4006218637167848, 0,5328939021841418, 0,4006218637167848, 0,5113695244183327, 0,4006218637167848, 0,34835467136117465, 0,5113695244183327, 0,7766707114269755, 0,8375969225276932, 0,5994987110829789, 0,31908454191531177, 0,4006218637167848, 0,4006218637167848, 0,5113695244183327, 0,5113695244183326, 0,3271284140847719, 0,5328939021841418]
            Calculating correlation with: [Jaccard] Jaccard Coefficient External Evaluation
                Spearman correlation: 0,3328175939811176
                Pearson correlation: 0,404707705406838
    For criteria : Z-Statistics Criteria Calculator
        For distance: Neighbour Overlap Distance Calculator
            With values: [71,35328669303401, 83,82797520485794, 86,4152517433446, 62,7634888268787, 60,984301349394556, 83,82797520485794, 76,8811923667927, 89,54572714018056, 73,21994260516541, 91,52022765639411, 73,7899783695996, 78,5227164556559, 78,28963295651062, 77,47210128040408, 93,56231741756235, 76,7817964183299, 59,28463063068067, 72,1390116656325, 67,52952455567005, 65,35026838562311, 69,01549398518893, 72,96946481503916, 71,37614776118045, 71,50983531186291, 76,7817964183299, 61,799845106531876, 66,47592750196435, 70,43437114949539, 77,90198875750572, 76,32606599462795]
            Calculating correlation with: [Jaccard] Jaccard Coefficient External Evaluation
                Spearman correlation: -0,22952663478857696
                Pearson correlation: -0,15694653222648994
        For distance: Edge Path Distance Calculator
            With values: [12,986203558850105, 11,116190246375691, 15,479554642149326, 12,3628657880253, 14,232879100499716, 11,116190246375691, 14,85621687132452, 11,739528017200495, 14,232879100499716, 14,85621687132452, 12,986203558850105, 12,3628657880253, 11,739528017200495, 12,3628657880253, 13,60954132967491, 13,60954132967491, 14,232879100499716, 11,116190246375691, 14,232879100499716, 12,986203558850105, 14,232879100499716, 16,102892412974132, 14,85621687132452, 12,986203558850105, 13,60954132967491, 14,232879100499716, 12,986203558850105, 12,3628657880253, 12,986203558850105, 13,60954132967491]
            Calculating correlation with: [Jaccard] Jaccard Coefficient External Evaluation
                Spearman correlation: 0,8177901156123298
                Pearson correlation: 0,8641897234490767
        For distance: Adjacency Relation Distance Calculator
            With values: [69,78667614827792, 81,76934118794586, 81,88736841269076, 60,98757141446582, 58,961214663300844, 81,76934118794586, 71,85740365670702, 87,79914277481676, 69,03408281889432, 88,57901466349529, 71,99701722345898, 75,28140615456154, 75,79566005234746, 76,78165177634354, 91,11911968861081, 75,77460250686427, 57,38889136693996, 71,25853846571552, 64,84352524135522, 62,952459822881714, 67,10328961967247, 71,24363905131756, 68,25769601311634, 69,96354781238689, 75,77460250686427, 60,87052893138664, 63,584963187763535, 67,09169986054911, 77,09445493526248, 74,7295127052667]
            Calculating correlation with: [Jaccard] Jaccard Coefficient External Evaluation
                Spearman correlation: -0,2787745826412717
                Pearson correlation: -0,21871529855113142
        For distance: Pearson Correlation Distance Calculator
            With values: [63,41415816463285, 75,42662275505215, 75,79763746636502, 55,29969872151554, 54,38992083964542, 75,42662275505215, 66,7049550176896, 80,54217483793354, 64,25128772446344, 80,4886676962058, 65,30006398892807, 69,67559462134166, 69,7970969571187, 68,4726330932322, 83,53902714857576, 68,07140233857598, 52,71809009743995, 64,57886663446064, 60,20997828189056, 57,154739477761396, 60,07548745903349, 63,396417921973786, 62,603760679686445, 63,753750167867295, 68,07140233857598, 55,45796564950537, 58,40398684333782, 62,303322005433884, 69,24342397585642, 69,16071847170792]
            Calculating correlation with: [Jaccard] Jaccard Coefficient External Evaluation
                Spearman correlation: -0,3273540063149705
                Pearson correlation: -0,2316972209088194
    For criteria : Point Biserial Criteria Calculator
        For distance: Neighbour Overlap Distance Calculator
            With values: [-31,84249928358485, -25,821009468710088, -24,668845324103856, -35,72530126212076, -36,64813592323435, -25,821009468710088, -29,372819870218606, -22,961273272493624, -31,024734384130042, -22,03486543112721, -30,72201156306857, -28,49230705500648, -28,54885157481643, -29,055856583119844, -20,913305847630763, -29,426135814221777, -37,529726577147315, -31,427494449837837, -33,862136975456714, -34,60313939973468, -33,07727647393644, -31,395758478481184, -32,00389887073691, -31,759813311016654, -29,426135814221777, -36,456443553631686, -34,01555066673122, -32,327852817802565, -28,82526512530619, -29,670589417476233]
            Calculating correlation with: [Jaccard] Jaccard Coefficient External Evaluation
                Spearman correlation: -0,2353205110065411
                Pearson correlation: -0,16576925186327168
        For distance: Edge Path Distance Calculator
            With values: [8,853337164446426, 3,6209019834965215, 16,45756781731547, 6,955311371556528, 12,171794900223924, 3,6209019834965215, 14,38575994060882, 5,485855939105157, 12,462222428373309, 14,729632475879821, 8,901587448838079, 7,19287997030441, 5,381750539220181, 7,19287997030441, 11,047224356909867, 10,789319955456616, 12,171794900223924, 3,54133486577857, 12,394672030224996, 8,74965586367792, 12,394672030224996, 17,93916846406727, 14,242539918140924, 8,853337164446426, 10,789319955456616, 12,249518209149086, 8,74965586367792, 7,08266973155714, 8,991099962880513, 10,789319955456616]
            Calculating correlation with: [Jaccard] Jaccard Coefficient External Evaluation
                Spearman correlation: 0,8067358542268755
                Pearson correlation: 0,863739629195037
        For distance: Adjacency Relation Distance Calculator
            With values: [-31,77234027644874, -25,925719343299786, -26,120612647313028, -35,82792792394794, -36,89346430343845, -25,925719343299786, -31,14067529405351, -22,851448086738817, -32,35068331946668, -22,57449134083119, -30,75548279468799, -29,278705277322555, -28,92965955991916, -28,462872821814617, -21,160165794151993, -29,010505467034985, -37,7202524154675, -30,984206437040513, -34,41923493289315, -35,01689650475532, -33,20920546577441, -31,399121595636412, -32,76867861430013, -31,677631320274482, -29,010505467034985, -36,118646520698626, -34,68217809734348, -33,215411400424294, -28,292770696185123, -29,57882452538415]
            Calculating correlation with: [Jaccard] Jaccard Coefficient External Evaluation
                Spearman correlation: -0,31309215716305894
                Pearson correlation: -0,23490153910494874
        For distance: Pearson Correlation Distance Calculator
            With values: [-32,49682420278473, -26,095259802197752, -26,134643632066773, -36,53938337333675, -37,05814344872446, -26,095259802197752, -31,06197107691354, -23,289582513318035, -32,185205228779225, -23,482178745376007, -31,572918433968404, -29,310240248031498, -29,168624539133415, -30,019604249022315, -21,640442106643142, -30,256202549793244, -38,01143002465133, -31,82054066164901, -34,35731905937083, -35,7081983518212, -34,43541064390743, -32,93395365807082, -33,14704912989533, -32,29964139829912, -30,256202549793244, -36,6818856602001, -34,991322428447404, -33,14182699174514, -29,565083225989408, -29,613853120916115]
            Calculating correlation with: [Jaccard] Jaccard Coefficient External Evaluation
                Spearman correlation: -0,3563233874047909
                Pearson correlation: -0,2497733590267613