
########### DATASET ###########
########### NCAA Football Dataset - Unweightened Undirected, ############
External evaluation: [Jaccard] Jaccard Coefficient External Evaluation
With values: [0,5197384963540357, 0,5323624595469255, 0,5962021781625244, 0,5217391304347826, 0,5400213447171825, 0,5268817204301075, 0,5380914194065758, 0,5552286707675849, 0,529271523178808, 0,5181483429773803, 0,5330350092129508, 0,5444533977974751, 0,5407944176060118, 0,5855064507274225, 0,5221238938053098, 0,5500544069640914, 0,5230648944487881, 0,5287593500128965, 0,5695757903269386, 0,5304513322457858, 0,5703744192402296, 0,5439500813890397, 0,5673512936783143, 0,5251572327044025, 0,5598908594815826, 0,49493157627977696, 0,5754947140146381, 0,5601078167115903, 0,5262881177707676, 0,5483346872461413]
With average: 0,5425795009213352

    For criteria : Modularity Q Criteria Calculator
        For distance: Neighbour Overlap Distance Calculator
            With values: [0,12450534334136866, 0,1332238939953405, 0,12358828097628406, 0,11844070336100142, 0,13278917737245496, 0,12340220450167842, 0,12613886067917532, 0,1337833343289704, 0,12307889158159376, 0,1353002006881197, 0,12916371339217828, 0,13524530610992827, 0,13154153662840756, 0,13422491277413007, 0,12194749817959902, 0,1304452596109914, 0,1238441865834422, 0,11860094709292845, 0,14028026911259694, 0,12574814044616398, 0,13303055206185674, 0,1216080397953403, 0,12301673154452358, 0,11843949245118832, 0,14784038271208305, 0,12832092016229424, 0,12442259783747672, 0,13215627517683343, 0,12203993096199528, 0,13512381149201855]
            Calculating correlation with: [Jaccard] Jaccard Coefficient External Evaluation
                Spearman correlation: 0,4051167964404894
                Pearson correlation: 0,34636521470137493
        For distance: Edge Path Distance Calculator
            With values: [0,12450534334136866, 0,1332238939953405, 0,12358828097628406, 0,11844070336100142, 0,13278917737245496, 0,12340220450167842, 0,12613886067917532, 0,1337833343289704, 0,12307889158159376, 0,1353002006881197, 0,12916371339217828, 0,13524530610992827, 0,13154153662840756, 0,13422491277413007, 0,12194749817959902, 0,1304452596109914, 0,1238441865834422, 0,11860094709292845, 0,14028026911259694, 0,12574814044616398, 0,13303055206185674, 0,1216080397953403, 0,12301673154452358, 0,11843949245118832, 0,14784038271208305, 0,12832092016229424, 0,12442259783747672, 0,13215627517683343, 0,12203993096199528, 0,13512381149201855]
            Calculating correlation with: [Jaccard] Jaccard Coefficient External Evaluation
                Spearman correlation: 0,4051167964404894
                Pearson correlation: 0,34636521470137493
        For distance: Adjacency Relation Distance Calculator
            With values: [0,12450534334136866, 0,1332238939953405, 0,12358828097628406, 0,11844070336100142, 0,13278917737245496, 0,12340220450167842, 0,12613886067917532, 0,1337833343289704, 0,12307889158159376, 0,1353002006881197, 0,12916371339217828, 0,13524530610992827, 0,13154153662840756, 0,13422491277413007, 0,12194749817959902, 0,1304452596109914, 0,1238441865834422, 0,11860094709292845, 0,14028026911259694, 0,12574814044616398, 0,13303055206185674, 0,1216080397953403, 0,12301673154452358, 0,11843949245118832, 0,14784038271208305, 0,12832092016229424, 0,12442259783747672, 0,13215627517683343, 0,12203993096199528, 0,13512381149201855]
            Calculating correlation with: [Jaccard] Jaccard Coefficient External Evaluation
                Spearman correlation: 0,4051167964404894
                Pearson correlation: 0,34636521470137493
        For distance: Pearson Correlation Distance Calculator
            With values: [0,12450534334136866, 0,1332238939953405, 0,12358828097628406, 0,11844070336100142, 0,13278917737245496, 0,12340220450167842, 0,12613886067917532, 0,1337833343289704, 0,12307889158159376, 0,1353002006881197, 0,12916371339217828, 0,13524530610992827, 0,13154153662840756, 0,13422491277413007, 0,12194749817959902, 0,1304452596109914, 0,1238441865834422, 0,11860094709292845, 0,14028026911259694, 0,12574814044616398, 0,13303055206185674, 0,1216080397953403, 0,12301673154452358, 0,11843949245118832, 0,14784038271208305, 0,12832092016229424, 0,12442259783747672, 0,13215627517683343, 0,12203993096199528, 0,13512381149201855]
            Calculating correlation with: [Jaccard] Jaccard Coefficient External Evaluation
                Spearman correlation: 0,4051167964404894
                Pearson correlation: 0,34636521470137493
    For criteria : C Index Criteria Calculator
        For distance: Neighbour Overlap Distance Calculator
            With values: [0,6808079124113208, 0,6702573411082031, 0,6837772050419402, 0,6910548931650171, 0,6746045663294172, 0,6842367715311944, 0,6775227183766247, 0,6760687970712448, 0,6920174711252622, 0,6655696662896198, 0,6803757028140757, 0,6656458369887405, 0,6688170040204519, 0,6666520340337477, 0,6921015955248415, 0,6701696033424608, 0,68854350581478, 0,6972254614828083, 0,6586348271553528, 0,6732133305503841, 0,6692647561706498, 0,6876934107643004, 0,6892261470112999, 0,695247470711845, 0,6465045336481747, 0,6766341619557947, 0,6851144191284142, 0,6740746059746027, 0,6874207562165188, 0,6727383451082809]
            Calculating correlation with: [Jaccard] Jaccard Coefficient External Evaluation
                Spearman correlation: -0,4028921023359289
                Pearson correlation: -0,32390190554010917
        For distance: Edge Path Distance Calculator
            With values: [0,3405336721728081, 0,35324015247776364, 0,33290978398983484, 0,3227445997458704, 0,3519695044472681, 0,3341804320203304, 0,3418043202033037, 0,3545108005082592, 0,3354510800508259, 0,3583227445997459, 0,3468869123252859, 0,3595933926302414, 0,3519695044472681, 0,35578144853875476, 0,3303684879288437, 0,34942820838627703, 0,33672172808132145, 0,32655654383735705, 0,37229987293519695, 0,33799237611181704, 0,3545108005082592, 0,3303684879288437, 0,3341804320203304, 0,3240152477763659, 0,38246505717916135, 0,34942820838627703, 0,3341804320203304, 0,35324015247776364, 0,3341804320203304, 0,3570520965692503]
            Calculating correlation with: [Jaccard] Jaccard Coefficient External Evaluation
                Spearman correlation: 0,3607804481694433
                Pearson correlation: 0,29655335494526613
        For distance: Adjacency Relation Distance Calculator
            With values: [0,2109574912926728, 0,242662084613036, 0,20067595087972712, 0,24564541630305317, 0,22511390974555182, 0,24642690632092557, 0,24355330824657953, 0,21079768219753736, 0,2449372452691938, 0,2391075375410929, 0,22674813808491076, 0,2420998465355058, 0,24308598341523463, 0,224327544798309, 0,24539916335705395, 0,2437109159141452, 0,23004918323054274, 0,22052785739696443, 0,21447508197195572, 0,24576792624394703, 0,21314556101234186, 0,2329393407914054, 0,20270658088419033, 0,2283179174877916, 0,23512638227527674, 0,2429180008908742, 0,19812122526820924, 0,22792482162712965, 0,23195988780837432, 0,2278842968626651]
            Calculating correlation with: [Jaccard] Jaccard Coefficient External Evaluation
                Spearman correlation: -0,5403781979977753
                Pearson correlation: -0,6374216509039043
        For distance: Pearson Correlation Distance Calculator
            With values: [0,5792727294906539, 0,5935430119960842, 0,6006495373666909, 0,6088871180966015, 0,5910485751378396, 0,6044564097023184, 0,5941016337523459, 0,58943875012656, 0,6038436248389065, 0,5843564733111914, 0,5929730507105614, 0,5852764451925138, 0,5905204997186507, 0,5845642341991293, 0,6094776611879757, 0,595288416900338, 0,5960595848302704, 0,5973299722639455, 0,5796337803309305, 0,5933157117098212, 0,5914937714149693, 0,605405301295014, 0,5948382644204427, 0,6031219137629802, 0,5773472383549628, 0,587437092869292, 0,5954470504190182, 0,5919656813758821, 0,5990237714184216, 0,5939855637101549]
            Calculating correlation with: [Jaccard] Jaccard Coefficient External Evaluation
                Spearman correlation: -0,22224694104560627
                Pearson correlation: -0,20692469943460204
    For criteria : Davies Bouldin Criteria Calculator
        For distance: Neighbour Overlap Distance Calculator
            With values: [1,6938171386554342, 1,7052641661643704, 1,7083963215242433, 1,6739742612806316, 1,6715891918663444, 1,6753774373526147, 1,672444251223156, 1,691457976062961, 1,7128203389394845, 1,6549756455328781, 1,6765258929962237, 1,6691520302342617, 1,691531781562193, 1,683276992186456, 1,6855518112712686, 1,6599560893215213, 1,6635377033558834, 1,6988075774836553, 1,6544818942206752, 1,689125830665399, 1,7071479481324638, 1,6690247932230229, 1,6835575099871354, 1,698328214108639, 1,712881612927413, 1,6619525812900668, 1,6719624619287676, 1,6799392094630143, 1,6668959199858833, 1,6876814269140148]
            Calculating correlation with: [Jaccard] Jaccard Coefficient External Evaluation
                Spearman correlation: 0,17508342602892119
                Pearson correlation: 0,22963306461622013
        For distance: Edge Path Distance Calculator
            With values: [Infinity, Infinity, 2,0, Infinity, 2,0, 2,0, Infinity, 2,0, Infinity, Infinity, 8,171332431192345E306, Infinity, Infinity, Infinity, 1,1314152597035556E307, 2,0, Infinity, 2,0, 2,0, 2,0, 2,0, 1,6342664862384688E307, Infinity, Infinity, Infinity, 1,1885574445370687E307, 2,0, Infinity, 2,0, 2,0]
            Calculating correlation with: [Jaccard] Jaccard Coefficient External Evaluation
                Spearman correlation: -0,2487934334720991
                Pearson correlation: NaN
        For distance: Adjacency Relation Distance Calculator
            With values: [2,7387166520455533, 2,728179028298101, 3,3607486675098643, 3,580553030487225, 3,3533523468263122, 3,0541013248167883, 3,284652682416366, 3,3777866117282485, 3,0129372306876476, 3,5639867458702548, 3,0895240821258576, 2,982395852614165, 3,2890833877578496, 3,334546635009985, 3,2754715396617686, 3,065353806586492, 3,312203315889248, 2,803483123905234, 3,192885858982073, 3,7691246882830747, 3,069534472528646, 3,535760387559129, 3,1156908663221117, 3,5917324702654523, 2,7348621771744486, 3,3409282257969064, 3,0852476433796734, 2,7928201557344283, 2,7303584625575126, 3,5487772457186204]
            Calculating correlation with: [Jaccard] Jaccard Coefficient External Evaluation
                Spearman correlation: -0,10033370411568394
                Pearson correlation: -0,07637578939282758
        For distance: Pearson Correlation Distance Calculator
            With values: [1,649943500135415, 1,6372923438004439, 1,562632631975339, 1,594840804089142, 1,5833044284303928, 1,6399655540662992, 1,623196129770674, 1,5424270915958773, 1,6041839225879058, 1,5536197932225746, 1,617609533224732, 1,6378939549975682, 1,599502094391152, 1,599904540337369, 1,6314320202196646, 1,588231445319744, 1,5850144768330847, 1,6139193257651645, 1,5611960752540601, 1,5953213625126805, 1,6466597689110791, 1,5519888658418253, 1,6251875528725581, 1,6174028606187554, 1,657593210908614, 1,587207388545975, 1,5713430940715356, 1,6245851629146153, 1,5801238882476638, 1,5976975085769045]
            Calculating correlation with: [Jaccard] Jaccard Coefficient External Evaluation
                Spearman correlation: -0,05628476084538382
                Pearson correlation: -0,12213247801620501
    For criteria : Silhouette Width Criteria 2 Calculator
        For distance: Neighbour Overlap Distance Calculator
            With values: [-0,034875890277035686, -0,028001151119204384, -0,027577790906679733, -0,027886858531339858, -0,028178681026625112, -0,027931969474527297, -0,030528973668846243, -0,03158126045671673, -0,03100746525150753, -0,031236703391357912, -0,030523433628765858, -0,032803652047656964, -0,031174222444240337, -0,027660565422305015, -0,027070903494519957, -0,027994413418793482, -0,03253032752176215, -0,03325123533064469, -0,03378112250373431, -0,027620322508918233, -0,032354630862911835, -0,029553425586667775, -0,03219874231416319, -0,03362833325208788, -0,02785658877329532, -0,034130379116833906, -0,029836633958551097, -0,03295752665011424, -0,033246683175194566, -0,030047826393340766]
            Calculating correlation with: [Jaccard] Jaccard Coefficient External Evaluation
                Spearman correlation: 0,2231368186874304
                Pearson correlation: 0,23351161320318387
        For distance: Edge Path Distance Calculator
            With values: [-0,6166666666666667, -0,65, -0,5722222222222223, -0,5833333333333334, -0,6444444444444445, -0,5944444444444444, -0,6277777777777778, -0,638888888888889, -0,638888888888889, -0,638888888888889, -0,6055555555555556, -0,638888888888889, -0,6277777777777778, -0,638888888888889, -0,6, -0,5833333333333334, -0,6444444444444445, -0,638888888888889, -0,6222222222222222, -0,6111111111111112, -0,6111111111111112, -0,6166666666666667, -0,6222222222222222, -0,6111111111111112, -0,6166666666666667, -0,638888888888889, -0,6222222222222222, -0,6277777777777778, -0,6055555555555556, -0,6166666666666667]
            Calculating correlation with: [Jaccard] Jaccard Coefficient External Evaluation
                Spearman correlation: 0,04310426224211907
                Pearson correlation: 0,17050628519989888
        For distance: Adjacency Relation Distance Calculator
            With values: [-0,03653474520751459, -0,04506400119466043, -0,041394164460518114, -0,0452924321737063, -0,04081962306845977, -0,046466585014840245, -0,0458644771950606, -0,040955562482672826, -0,04533157626832592, -0,042917562367294035, -0,04221961524898789, -0,04571870160941704, -0,04607118617353464, -0,041672978270504514, -0,045624584119807084, -0,04705653372155033, -0,043289547882475486, -0,04039222065733381, -0,043699761065262174, -0,047686150211752314, -0,044142051685523695, -0,04681668898833819, -0,03996773183285168, -0,04274419400021252, -0,04234610264954192, -0,04488170076421468, -0,03853551623319637, -0,044586436327380755, -0,044950321381364455, -0,04527677750405869]
            Calculating correlation with: [Jaccard] Jaccard Coefficient External Evaluation
                Spearman correlation: 0,20177975528364864
                Pearson correlation: 0,2694311407944867
        For distance: Pearson Correlation Distance Calculator
            With values: [-0,07485176064271996, -0,06741982106593268, -0,06666048676146215, -0,06678904809328973, -0,06663535417499307, -0,0662476253582669, -0,06841272464111439, -0,07111630378159284, -0,06969342918647621, -0,07113476291014575, -0,06945757481037165, -0,07316922055803166, -0,07146321899805765, -0,06585090488207358, -0,06506635367258742, -0,06582658011826141, -0,07342970856660992, -0,07282874218580127, -0,07476993917379333, -0,06517991625760043, -0,07290801205670429, -0,06799107734031225, -0,07128032336288409, -0,07433923282785031, -0,06790457365178405, -0,07443876018904425, -0,06941453329979233, -0,07334928558377016, -0,07237922618178624, -0,0674932530246658]
            Calculating correlation with: [Jaccard] Jaccard Coefficient External Evaluation
                Spearman correlation: 0,15595105672969978
                Pearson correlation: 0,1782895398771595
    For criteria : Variance Ratio Criteria Calculator
        For distance: Neighbour Overlap Distance Calculator
            With values: [18,611022962433154, 19,10332147608159, 18,423965780675193, 18,90825868275851, 18,897641992973863, 18,242028127781808, 18,783479200032495, 19,14425575221911, 18,653909150973448, 18,649693986642923, 19,0185911880891, 18,845463900999757, 18,320373902168736, 18,85132746759073, 18,64326432506554, 18,674856236253326, 18,802037189900275, 18,246854769012547, 19,11389436954183, 19,449379902221896, 18,639616076222477, 18,638686290697414, 18,648274734945453, 19,180673588404332, 18,953305607156512, 18,928138393342934, 19,1874674716403, 18,639081227004947, 18,607343185323362, 18,91112806799595]
            Calculating correlation with: [Jaccard] Jaccard Coefficient External Evaluation
                Spearman correlation: 0,096774193548387
                Pearson correlation: 0,021518625856235457
        For distance: Edge Path Distance Calculator
            With values: [8,010265890625925E-306, 8,010265890625925E-306, 16,0, 1,602053178125185E-305, 16,0, 16,0, 2,6700886302086417E-306, 16,0, 2,6700886302086417E-306, 3,20410635625037E-306, 1,602053178125185E-305, 4,0051329453129625E-306, 1,602053178125185E-305, 1,602053178125185E-305, 1,602053178125185E-305, 16,0, 3,20410635625037E-306, 16,0, 16,0, 16,0, 16,0, 1,602053178125185E-305, 3,20410635625037E-306, 1,602053178125185E-305, 1,602053178125185E-305, 1,602053178125185E-305, 16,0, 1,602053178125185E-305, 16,0, 16,0]
            Calculating correlation with: [Jaccard] Jaccard Coefficient External Evaluation
                Spearman correlation: 0,3403454875380839
                Pearson correlation: 0,3251911282165603
        For distance: Adjacency Relation Distance Calculator
            With values: [13,339431696388354, 13,64766181077105, 12,041337483387025, 11,132310693347737, 11,889990109021353, 12,894669617200465, 11,819182852686279, 11,993668742585252, 13,050452297606752, 11,181677532637172, 12,64339965000151, 12,72712039070986, 12,201458698686192, 11,79123952780536, 11,95511328570775, 12,497833475876158, 11,866890732034086, 13,289214154675724, 12,11451064749648, 10,468068626575306, 12,6152657960729, 10,96843762295301, 12,697629175412679, 11,12934766175604, 13,753030276358661, 11,729252764257762, 12,786018732928552, 13,396328603582658, 13,392991190127796, 11,21793154789987]
            Calculating correlation with: [Jaccard] Jaccard Coefficient External Evaluation
                Spearman correlation: 0,1884315906562848
                Pearson correlation: 0,13523159636721957
        For distance: Pearson Correlation Distance Calculator
            With values: [21,879327003559048, 21,706334156799816, 21,782771969165914, 21,392308896406927, 21,72697380846267, 21,939505236178945, 21,33149414791621, 20,94239255351713, 21,63837947322435, 21,36947770129371, 21,62165548199945, 22,25715396062776, 21,832006049329603, 22,26650292883432, 21,607162795676484, 21,427924783312374, 21,743580508045888, 21,275758035945685, 21,710464947352868, 21,620515554784586, 21,512203681326138, 21,28059590391167, 21,506512108082568, 21,53796246046498, 22,125237501830792, 21,76277656684057, 21,80098764518951, 21,374871769273852, 21,25658504692934, 21,636971236069204]
            Calculating correlation with: [Jaccard] Jaccard Coefficient External Evaluation
                Spearman correlation: 0,1595105672969966
                Pearson correlation: 0,1884927696745096
    For criteria : PBM Criteria Calculator
        For distance: Neighbour Overlap Distance Calculator
            With values: [6,542734176046445E-4, 6,57418221506933E-4, 6,530392489959627E-4, 6,497206565438464E-4, 6,54876404775024E-4, 6,52273036550251E-4, 6,525912799971846E-4, 6,557850827268991E-4, 6,515699011947273E-4, 6,576084742828128E-4, 6,534362743630149E-4, 6,571730226770766E-4, 6,542594059979359E-4, 6,598187689776214E-4, 6,490720698003092E-4, 6,551863079320591E-4, 6,532168977686216E-4, 6,505019961682796E-4, 6,583559721721635E-4, 6,5491662950461E-4, 6,548897677585178E-4, 6,500601369531685E-4, 6,50459020172569E-4, 6,511833314899175E-4, 6,644474860914856E-4, 6,558949587511756E-4, 6,549568387779434E-4, 6,560074406790105E-4, 6,507840103496127E-4, 6,551400134799398E-4]
            Calculating correlation with: [Jaccard] Jaccard Coefficient External Evaluation
                Spearman correlation: 0,3583982202447163
                Pearson correlation: 0,3319184793607813
        For distance: Edge Path Distance Calculator
            With values: [0,045454545454545456, 0,045454545454545456, 9,079258256880383E304, 0,09090909090909091, 9,079258256880383E304, 9,079258256880383E304, 0,015151515151515152, 5,05050505050505E-4, 0,015151515151515152, 0,018181818181818184, 0,09090909090909091, 0,022727272727272728, 0,09090909090909091, 0,09090909090909091, 0,09090909090909091, 9,079258256880383E304, 0,018181818181818184, 9,079258256880383E304, 9,079258256880383E304, 9,079258256880383E304, 9,079258256880383E304, 0,09090909090909091, 0,018181818181818184, 0,09090909090909091, 5,0569860420618E-310, 0,09090909090909091, 9,079258256880383E304, 0,09090909090909091, 9,079258256880383E304, 9,079258256880383E304]
            Calculating correlation with: [Jaccard] Jaccard Coefficient External Evaluation
                Spearman correlation: 0,19103695322157332
                Pearson correlation: NaN
        For distance: Adjacency Relation Distance Calculator
            With values: [8,937586215447768E-4, 8,969918222943522E-4, 8,907360811517778E-4, 8,950952283815671E-4, 8,981058457174714E-4, 8,893750401373727E-4, 9,026656609813252E-4, 8,910305363025928E-4, 8,856920966258833E-4, 9,037173668548021E-4, 8,914053052785613E-4, 9,073806502297177E-4, 9,002198297296697E-4, 9,062421341239676E-4, 8,961719022161355E-4, 8,996890770156908E-4, 9,017231517870211E-4, 8,872047006675414E-4, 9,126204990667028E-4, 8,581574333628892E-4, 8,929607925976208E-4, 8,928139000253198E-4, 8,952286825340806E-4, 8,994880002877091E-4, 8,882231423365478E-4, 8,96628235325052E-4, 8,882402962268373E-4, 8,887091280286418E-4, 9,28222592507806E-4, 8,911091290152537E-4]
            Calculating correlation with: [Jaccard] Jaccard Coefficient External Evaluation
                Spearman correlation: -0,1305895439377085
                Pearson correlation: -0,01327258485177232
        For distance: Pearson Correlation Distance Calculator
            With values: [7,364481413459339E-4, 7,41195285180526E-4, 7,358578127218201E-4, 7,278775292486314E-4, 7,391571127645949E-4, 7,340524658580733E-4, 7,355643927881353E-4, 7,384893791304445E-4, 7,349879762960732E-4, 7,435081749889702E-4, 7,334480775920345E-4, 7,414528256128931E-4, 7,364989949953228E-4, 7,445268300371132E-4, 7,261759009694216E-4, 7,313004130905249E-4, 7,367361818354456E-4, 7,306059988161439E-4, 7,417096753739318E-4, 7,440257759872461E-4, 7,361590753339356E-4, 7,277054204275778E-4, 7,29096962001989E-4, 7,343254373251403E-4, 7,517257171006851E-4, 7,368582574247436E-4, 7,416196088141854E-4, 7,382973416889007E-4, 7,303408769961921E-4, 7,370239784391102E-4]
            Calculating correlation with: [Jaccard] Jaccard Coefficient External Evaluation
                Spearman correlation: 0,30589543937708563
                Pearson correlation: 0,2841315636559894
    For criteria : Dunn Index Criteria Calculator
        For distance: Neighbour Overlap Distance Calculator
            With values: [0,9130434782608696, 0,9090909090909091, 0,8571428571428572, 0,8636363636363636, 0,9090909090909091, 0,8695652173913043, 0,9090909090909091, 0,9166666666666666, 0,9166666666666666, 0,9545454545454546, 0,9090909090909091, 0,9583333333333334, 0,9523809523809523, 0,9166666666666666, 0,9166666666666666, 0,8695652173913043, 0,8695652173913043, 0,9090909090909091, 0,9130434782608696, 0,9166666666666666, 0,9565217391304348, 0,9130434782608696, 0,9130434782608696, 0,9166666666666666, 0,9166666666666666, 0,9565217391304348, 0,9090909090909091, 0,9130434782608696, 0,9565217391304348, 0,9130434782608696]
            Calculating correlation with: [Jaccard] Jaccard Coefficient External Evaluation
                Spearman correlation: -0,08289115152077124
                Pearson correlation: -0,17852658814259836
        For distance: Edge Path Distance Calculator
            With values: [5,562684646268003E-309, 5,562684646268003E-309, 5,562684646268003E-309, 5,562684646268003E-309, 5,562684646268003E-309, 5,562684646268003E-309, 5,562684646268003E-309, 5,562684646268003E-309, 5,562684646268003E-309, 5,562684646268003E-309, 5,562684646268003E-309, 5,562684646268003E-309, 5,562684646268003E-309, 5,562684646268003E-309, 5,562684646268003E-309, 5,562684646268003E-309, 5,562684646268003E-309, 5,562684646268003E-309, 5,562684646268003E-309, 5,562684646268003E-309, 5,562684646268003E-309, 5,562684646268003E-309, 5,562684646268003E-309, 5,562684646268003E-309, 5,562684646268003E-309, 5,562684646268003E-309, 5,562684646268003E-309, 5,562684646268003E-309, 5,562684646268003E-309, 5,562684646268003E-309]
            Calculating correlation with: [Jaccard] Jaccard Coefficient External Evaluation
                Spearman correlation: NaN
                Pearson correlation: NaN
        For distance: Adjacency Relation Distance Calculator
            With values: [0,8819171036881968, 0,8017837257372731, 0,7559289460184544, 0,8164965809277259, 0,8017837257372731, 0,7934920476158722, 0,8017837257372731, 0,6938886664887108, 0,8660254037844386, 0,8660254037844386, 0,6938886664887108, 0,8819171036881968, 0,8606629658238705, 0,7559289460184544, 0,8864052604279183, 0,6813851438692469, 0,823754471047914, 0,6938886664887108, 0,8451542547285166, 0,7453559924999299, 0,8606629658238705, 0,8660254037844386, 0,8819171036881968, 0,8451542547285166, 0,8164965809277259, 0,6546536707079771, 0,6938886664887108, 0,7791937224739796, 0,6813851438692469, 0,6813851438692469]
            Calculating correlation with: [Jaccard] Jaccard Coefficient External Evaluation
                Spearman correlation: -0,13035787355019682
                Pearson correlation: -0,026510979644563018
        For distance: Pearson Correlation Distance Calculator
            With values: [0,8348447153599386, 0,7529476863516791, 0,6881621372639343, 0,7422436503794638, 0,7646245969599265, 0,7552542096918198, 0,8234126984126992, 0,7646245969599265, 0,823412698412699, 0,8993561346960324, 0,7552542096918199, 0,9144352210280577, 0,9085285868710008, 0,8322951250409962, 0,8404184207826986, 0,7646245969599267, 0,7646245969599267, 0,766966890470222, 0,8234126984126995, 0,7669668904702222, 0,9085285868710009, 0,8322951250409968, 0,8322951250409962, 0,8404184207826987, 0,7669668904702224, 0,9057539682539687, 0,8259350789736373, 0,7646245969599268, 0,9057539682539689, 0,7681103451917474]
            Calculating correlation with: [Jaccard] Jaccard Coefficient External Evaluation
                Spearman correlation: -0,09925448422154615
                Pearson correlation: -0,21961338443576933
    For criteria : Z-Statistics Criteria Calculator
        For distance: Neighbour Overlap Distance Calculator
            With values: [2789,018190769102, 2390,3829788850167, 2432,7779728881146, 2385,988549741782, 2489,875280274156, 2393,9996208131442, 2471,488821319177, 2537,3368788556295, 2498,2648370171573, 2486,087963573518, 2548,958892215465, 2462,168372791184, 2453,699185017847, 2490,8977212704954, 2392,9189266372146, 2407,6499098860545, 2574,2063001421607, 2668,446111183389, 2523,459451666603, 2334,3455462542447, 2459,3279143466566, 2407,338881420512, 2609,399948918792, 2550,8700281381566, 2418,3490136175606, 2629,1315891389, 2537,8784241968897, 2507,083267618878, 2532,3095212500334, 2430,3496379357794]
            Calculating correlation with: [Jaccard] Jaccard Coefficient External Evaluation
                Spearman correlation: -0,08787541713014482
                Pearson correlation: -0,17486045626210225
        For distance: Edge Path Distance Calculator
            With values: [91,69381335756428, 95,23062525581174, 89,57172621861582, 86,74227670001785, 94,87694406598699, 89,92540740844056, 92,04749454738904, 95,58430644563649, 90,27908859826532, 96,64535001511072, 93,46221930668801, 96,99903120493546, 94,87694406598699, 95,93798763546123, 88,86436383896633, 94,16958168633751, 90,63276978809004, 87,80332026949209, 100,53584310318293, 90,9864509779148, 95,58430644563649, 88,86436383896633, 89,92540740844056, 87,09595788984261, 103,36529262178088, 94,16958168633751, 89,92540740844056, 95,23062525581174, 89,92540740844056, 96,29166882528598]
            Calculating correlation with: [Jaccard] Jaccard Coefficient External Evaluation
                Spearman correlation: 0,3607804481694433
                Pearson correlation: 0,29655335494526613
        For distance: Adjacency Relation Distance Calculator
            With values: [1364,9273286826838, 1150,497841824121, 1115,064370639787, 1145,988261603829, 1190,6556557548647, 1154,400107565076, 1204,2772769524227, 1200,7883367341276, 1220,1420923852988, 1210,9555159024658, 1230,6037975917566, 1199,2609226153354, 1194,122609572491, 1192,4096933753824, 1150,0174297968222, 1163,6614035181713, 1249,8601947801683, 1295,4787671358094, 1201,8680454448868, 1116,234312743781, 1154,5625568122728, 1143,1847861900376, 1232,4744169859998, 1230,0222824660475, 1165,2037170048782, 1308,633770335923, 1180,1063412085425, 1206,329215857125, 1225,2547652950961, 1155,538961078799]
            Calculating correlation with: [Jaccard] Jaccard Coefficient External Evaluation
                Spearman correlation: -0,3317018909899889
                Pearson correlation: -0,42788708521592517
        For distance: Pearson Correlation Distance Calculator
            With values: [1665,2557473798274, 1425,8545473304696, 1452,249049055567, 1425,672559957464, 1485,3691912466693, 1430,110932933834, 1474,6622065234044, 1513,926602565108, 1492,7096002404944, 1481,8875789248402, 1521,9372072088279, 1467,35090006604, 1463,9291867398135, 1484,725541244058, 1430,0010811513882, 1437,4468912519949, 1537,2509240701063, 1594,782403923993, 1504,6959344442287, 1390,3292898349073, 1467,8464926179395, 1437,9649279763712, 1558,5288592334402, 1524,5082636448278, 1440,8850920529885, 1570,3764951386233, 1515,013787854157, 1496,7733548388578, 1512,7729621871702, 1450,1453885031383]
            Calculating correlation with: [Jaccard] Jaccard Coefficient External Evaluation
                Spearman correlation: -0,09143492769744149
                Pearson correlation: -0,18151660308785536
    For criteria : Point Biserial Criteria Calculator
        For distance: Neighbour Overlap Distance Calculator
            With values: [-2799,4694150084983, -2835,190845848203, -2831,258914578925, -2831,5551891210193, -2829,9328155967373, -2832,556979693741, -2830,4815017910937, -2826,5318667245397, -2826,40744954143, -2831,7274492800725, -2824,939729461458, -2833,061490658116, -2832,941955123422, -2831,2498536656135, -2831,169034162626, -2834,6480338758874, -2821,580835710272, -2811,347803093413, -2830,4993893891365, -2835,8428226727106, -2832,5755192292318, -2831,5085656389574, -2818,4357649274175, -2822,2721103558424, -2838,4994654772327, -2818,671467505998, -2824,9508735307622, -2828,950654371717, -2824,954616299223, -2833,327044433408]
            Calculating correlation with: [Jaccard] Jaccard Coefficient External Evaluation
                Spearman correlation: -0,25650723025583977
                Pearson correlation: -0,30457001748799145
        For distance: Edge Path Distance Calculator
            With values: [-305,0242444660822, -265,6356883421807, -304,1379058487931, -320,1895596815465, -271,8940110230168, -300,0337260871747, -289,72919425421117, -269,0432786465838, -302,2822483890336, -260,2247401636598, -283,5383216502671, -256,98376631882104, -270,5443144940813, -265,06110699670734, -306,72603102527603, -273,26025141802484, -303,2979367480062, -326,2334906313767, -235,92602118797942, -290,6194066236182, -266,11468452315535, -307,4934055721072, -309,52533572895453, -325,6901146527909, -213,97235625670558, -282,03760451025653, -306,4953455888704, -270,2452779000225, -306,2079064598381, -260,27925844428745]
            Calculating correlation with: [Jaccard] Jaccard Coefficient External Evaluation
                Spearman correlation: 0,35706340378198004
                Pearson correlation: 0,312913554200403
        For distance: Adjacency Relation Distance Calculator
            With values: [-3107,0325958630096, -3080,733056519431, -3121,4655520854203, -3077,5093108130445, -3099,5177103887327, -3077,14679562938, -3081,5629474861194, -3113,8022013681616, -3080,3815421429254, -3086,0057843389723, -3098,156298758561, -3082,907633209318, -3081,835330354199, -3100,32293037627, -3077,9631747157046, -3080,2704120249878, -3094,7792459203765, -3102,6183209943283, -3110,1634523012, -3075,535831341081, -3110,548451496865, -3090,152120151684, -3121,6793466471718, -3096,621396366256, -3088,8984475087045, -3080,8046954992487, -3126,1984069010487, -3096,9364253896147, -3093,0532215652042, -3095,781373902965]
            Calculating correlation with: [Jaccard] Jaccard Coefficient External Evaluation
                Spearman correlation: -0,5599555061179086
                Pearson correlation: -0,6565841472253442
        For distance: Pearson Correlation Distance Calculator
            With values: [-2814,547027437335, -2846,349444816118, -2842,094685106333, -2840,7823932545166, -2842,2264878351853, -2842,146939285526, -2842,335532022125, -2839,2449149953914, -2836,9831549114274, -2844,92770447591, -2836,9568654081045, -2846,1594419035546, -2844,669223924785, -2844,5358444223584, -2840,332361601221, -2845,0340588266026, -2833,718479695081, -2823,658572872813, -2843,789728714377, -2847,8871778854905, -2843,941757280742, -2841,340439152429, -2830,803626008442, -2833,1843590393414, -2851,2990417994224, -2831,243225152473, -2837,067376541417, -2840,5799302219116, -2836,1546133418583, -2844,6436392676997]
            Calculating correlation with: [Jaccard] Jaccard Coefficient External Evaluation
                Spearman correlation: -0,33926585094549505
                Pearson correlation: -0,3446784492452887
