
########### DATASET ###########
########### Zahary Karate Dataset - Weightened Undirected, ############
External evaluation: [Jaccard] Jaccard Coefficient External Evaluation
With values: [0,5294117647058824, 0,4878048780487805, 0,4878048780487805, 0,5346260387811634, 0,5294117647058824, 0,4482758620689655, 0,5797101449275363, 0,4878048780487805, 0,5294117647058824, 0,5294117647058824, 0,5294117647058824, 0,48501362397820164, 0,5294117647058824, 0,48501362397820164, 0,5294117647058824, 0,5892351274787535, 0,5294117647058824, 0,4482758620689655, 0,5797101449275363, 0,7102803738317757, 0,5294117647058824, 0,5294117647058824, 0,5346260387811634, 0,5294117647058824, 0,4482758620689655, 0,5294117647058824, 0,4186046511627907, 0,5821325648414986, 0,6396396396396397, 0,4482758620689655]
With average: 0,5249350410407019

    For criteria : Modularity Q Criteria Calculator
        For distance: Neighbour Overlap Distance Calculator
            With values: [0,11027716871872716, 0,049090159479769885, 0,07869511440940011, 0,057410843125128876, 0,08771387342815913, 0,048279642435486575, 0,154110680084706, 0,04939000393545847, 0,06439628192874948, 0,09125578606098085, 0,10330578512396696, 0,058329116770675225, 0,14944435074305196, 0,0590599876314162, 0,10414441258597104, 0,098676936339274, 0,07131612975768818, 0,12392009145255893, 0,060966810966810996, 0,1739191544386349, 0,14556511309758055, 0,062152133580705086, 0,031043271303011554, 0,03894698375217856, 0,027107812822098523, 0,10015741833923654, 0,0880511984408088, 0,15648601038211415, 0,08928805682052439, 0,04243267554955868]
            Calculating correlation with: [Jaccard] Jaccard Coefficient External Evaluation
                Spearman correlation: 0,42940828850036367
                Pearson correlation: 0,5209117244424376
        For distance: Edge Path Distance Calculator
            With values: [0,11027716871872716, 0,049090159479769885, 0,07869511440940011, 0,057410843125128876, 0,08771387342815913, 0,048279642435486575, 0,154110680084706, 0,04939000393545847, 0,06439628192874948, 0,09125578606098085, 0,10330578512396696, 0,058329116770675225, 0,14944435074305196, 0,0590599876314162, 0,10414441258597104, 0,098676936339274, 0,07131612975768818, 0,12392009145255893, 0,060966810966810996, 0,1739191544386349, 0,14556511309758055, 0,062152133580705086, 0,031043271303011554, 0,03894698375217856, 0,027107812822098523, 0,10015741833923654, 0,0880511984408088, 0,15648601038211415, 0,08928805682052439, 0,04243267554955868]
            Calculating correlation with: [Jaccard] Jaccard Coefficient External Evaluation
                Spearman correlation: 0,42940828850036367
                Pearson correlation: 0,5209117244424376
        For distance: Adjacency Relation Distance Calculator
            With values: [0,11027716871872716, 0,049090159479769885, 0,07869511440940011, 0,057410843125128876, 0,08771387342815913, 0,048279642435486575, 0,154110680084706, 0,04939000393545847, 0,06439628192874948, 0,09125578606098085, 0,10330578512396696, 0,058329116770675225, 0,14944435074305196, 0,0590599876314162, 0,10414441258597104, 0,098676936339274, 0,07131612975768818, 0,12392009145255893, 0,060966810966810996, 0,1739191544386349, 0,14556511309758055, 0,062152133580705086, 0,031043271303011554, 0,03894698375217856, 0,027107812822098523, 0,10015741833923654, 0,0880511984408088, 0,15648601038211415, 0,08928805682052439, 0,04243267554955868]
            Calculating correlation with: [Jaccard] Jaccard Coefficient External Evaluation
                Spearman correlation: 0,42940828850036367
                Pearson correlation: 0,5209117244424376
        For distance: Pearson Correlation Distance Calculator
            With values: [0,11027716871872716, 0,049090159479769885, 0,07869511440940011, 0,057410843125128876, 0,08771387342815913, 0,048279642435486575, 0,154110680084706, 0,04939000393545847, 0,06439628192874948, 0,09125578606098085, 0,10330578512396696, 0,058329116770675225, 0,14944435074305196, 0,0590599876314162, 0,10414441258597104, 0,098676936339274, 0,07131612975768818, 0,12392009145255893, 0,060966810966810996, 0,1739191544386349, 0,14556511309758055, 0,062152133580705086, 0,031043271303011554, 0,03894698375217856, 0,027107812822098523, 0,10015741833923654, 0,0880511984408088, 0,15648601038211415, 0,08928805682052439, 0,04243267554955868]
            Calculating correlation with: [Jaccard] Jaccard Coefficient External Evaluation
                Spearman correlation: 0,42940828850036367
                Pearson correlation: 0,5209117244424376
    For criteria : C Index Criteria Calculator
        For distance: Neighbour Overlap Distance Calculator
            With values: [0,3690610688937588, 0,3912142793296098, 0,4060958436920494, 0,31724107919587813, 0,4048063727923745, 0,4288023603601853, 0,37683639290892906, 0,38394522389454583, 0,3812565596988997, 0,35812092035664533, 0,32947091462094985, 0,41988868483024, 0,39145357283181653, 0,38917511519775566, 0,37101511738843906, 0,28032146500466015, 0,34553864300878656, 0,4369848692531962, 0,33239153863613835, 0,27095578743067195, 0,3597282331780684, 0,32398719097742734, 0,3413695850872543, 0,33713320641658223, 0,4557789890672159, 0,34517531034825755, 0,4439829515238384, 0,34371197367278417, 0,25196663872410646, 0,38497182907333394]
            Calculating correlation with: [Jaccard] Jaccard Coefficient External Evaluation
                Spearman correlation: -0,8424603600031277
                Pearson correlation: -0,850232885153952
        For distance: Edge Path Distance Calculator
            With values: [0,6184111728487769, 0,5080342393752822, 0,6026430394954204, 0,5132902838264011, 0,5711067727887075, 0,526430394954198, 0,6693948040246293, 0,5080342393752822, 0,5264303949541981, 0,5984382039345254, 0,6326024928667976, 0,5448265505331138, 0,6904189818291042, 0,5332632527406523, 0,5826700705811689, 0,6262952395254548, 0,6262952395254551, 0,6326024928667977, 0,5411473194173305, 0,721955248535817, 0,6983030485057825, 0,5632227061120294, 0,48070280822946443, 0,43865445262051406, 0,4412824748460734, 0,5737347950142669, 0,5931821594834067, 0,721955248535817, 0,5379936927466592, 0,5080342393752824]
            Calculating correlation with: [Jaccard] Jaccard Coefficient External Evaluation
                Spearman correlation: 0,32996218565392366
                Pearson correlation: 0,43206315789350375
        For distance: Adjacency Relation Distance Calculator
            With values: [0,4373850615774427, 0,45675363180350614, 0,44969523616571927, 0,4098552235117618, 0,4580007577030318, 0,47257793023486766, 0,42713254552157015, 0,4560600079969404, 0,447352415923952, 0,4302189223058202, 0,41450894203333216, 0,46842566932940544, 0,43332247823245584, 0,4569096929984141, 0,44155116965179453, 0,43325142447529413, 0,4490185194054042, 0,44424178672800946, 0,44223515197299507, 0,4030915887647316, 0,4261262765179801, 0,4438673851419434, 0,45647395913776906, 0,4449201150980202, 0,48437820064324616, 0,433587019337816, 0,4377854306523908, 0,40159627814375926, 0,41550604133029134, 0,45846137220115113]
            Calculating correlation with: [Jaccard] Jaccard Coefficient External Evaluation
                Spearman correlation: -0,7023958538828374
                Pearson correlation: -0,6938068200848535
        For distance: Pearson Correlation Distance Calculator
            With values: [0,36951071017482323, 0,39745237296766706, 0,39661806639404723, 0,3399718093838336, 0,39097861401342543, 0,4291674307118119, 0,3526528888878381, 0,3991267762783816, 0,37636633728528884, 0,3509169058551838, 0,33299421703716375, 0,4097322239926891, 0,3628922156998475, 0,40547170766773566, 0,3709558212324429, 0,2810219050843972, 0,34812959998681026, 0,4087643461433861, 0,33395991550969467, 0,2489237068035962, 0,3416750181277226, 0,33000285665032203, 0,35530878597242876, 0,35127765637545616, 0,4419868565961919, 0,3587487159037676, 0,4336201550230981, 0,3193784498408251, 0,27121144759141924, 0,4124527792841046]
            Calculating correlation with: [Jaccard] Jaccard Coefficient External Evaluation
                Spearman correlation: -0,9032778429237805
                Pearson correlation: -0,9334186400596166
    For criteria : Davies Bouldin Criteria Calculator
        For distance: Neighbour Overlap Distance Calculator
            With values: [1,6080426192289514, 1,710684532617722, 1,6492664476717371, 1,5233380886767665, 1,6060088955561154, 1,633549235729661, 1,6113205759240046, 1,6966863124295708, 1,6845177313515614, 1,629415384099624, 1,5600468975826949, 1,608139432291028, 1,6043337186486446, 1,6557458391142756, 1,620805554960618, 1,5613340235290465, 1,5601845969922588, 1,6325192787626233, 1,4187602990371158, 1,4008999759872465, 1,5639898033047295, 1,404990947913742, 1,404567616479381, 1,6521066375606017, 1,660419242991825, 1,6510235022862898, 1,6359592634401565, 1,5803802262981892, 1,3884158563386504, 1,6973102050987279]
            Calculating correlation with: [Jaccard] Jaccard Coefficient External Evaluation
                Spearman correlation: -0,724280932964133
                Pearson correlation: -0,6726388975259064
        For distance: Edge Path Distance Calculator
            With values: [2,4967960206421053E306, 2,0, 2,365385703766205E306, 3,2101663122541354E306, 3,3290613608561404E306, 2,0, 2,0, 2,0, 3,745194030963158E306, 5,617791046444737E306, 6,554089554185526E306, 2,6436663747975234E306, 2,0, 2,6436663747975234E306, 3,424177399737744E306, 2,8534811664481203E306, 3,3290613608561404E306, 2,0, 2,6436663747975234E306, 2,0, 3,745194030963158E306, 3,3290613608561404E306, 2,0, 2,0, 2,0, 3,3290613608561404E306, 4,1090128796852935E306, 2,0, 3,3290613608561404E306, 2,4967960206421053E306]
            Calculating correlation with: [Jaccard] Jaccard Coefficient External Evaluation
                Spearman correlation: 0,05710354103798878
                Pearson correlation: NaN
        For distance: Adjacency Relation Distance Calculator
            With values: [2,5677915731636434, 2,5999526369456385, 2,6121985962774485, 2,5231922790639465, 2,5898462791919936, 3,5012080375637233, 2,5965230844732656, 2,5962563624213155, 2,5874521607343453, 2,7466282781081808, 2,546257167819765, 3,4844563521795524, 3,455804569681988, 2,5717925744383137, 2,5650881064057875, 3,3464565132741355, 2,531544231922016, 2,631193449171848, 2,5379592266771707, 2,940593335873995, 2,715584148228916, 2,4856019435673087, 2,5254578796127425, 2,5343030868195826, 3,546638349373495, 2,5117489564363473, 2,6464622646917713, 2,560350128574445, 2,456559897140574, 2,567349817917657]
            Calculating correlation with: [Jaccard] Jaccard Coefficient External Evaluation
                Spearman correlation: -0,39669585450516454
                Pearson correlation: -0,15184885065394915
        For distance: Pearson Correlation Distance Calculator
            With values: [1,497064090249554, 1,1280989638830963, 1,5530887362398502, 1,3980572334365486, 1,542319703061486, 1,5824341264429431, 1,524489113345321, 1,1243975642005273, 1,1263704664818663, 1,4917256938892465, 1,4405942832568805, 1,5659208340405035, 1,5194164346041987, 1,5200906311626976, 1,1011893761836502, 0,9995966423878777, 1,4354258690978008, 1,6691314649305506, 1,0533258278548623, 0,9947359008667925, 1,4623029997528394, 1,0470932485678108, 1,0519370165627888, 1,0694545979338028, 1,6170551544577576, 1,091564846430214, 1,6015219963099006, 1,5326946598162878, 1,0038822893561208, 1,1382427953936898]
            Calculating correlation with: [Jaccard] Jaccard Coefficient External Evaluation
                Spearman correlation: -0,634897662611053
                Pearson correlation: -0,5055858263824998
    For criteria : Silhouette Width Criteria 2 Calculator
        For distance: Neighbour Overlap Distance Calculator
            With values: [-0,14154005934863756, -0,18384313954367323, -0,18817080091904098, -0,23384276430207637, -0,12702664149589601, -0,1245780700931447, -0,12101674964960561, -0,1826592619869305, -0,12887589694472965, -0,13781089599816038, -0,14547672512949586, -0,10513716765442006, -0,1315601343959392, -0,11530941949185693, -0,12973429212616805, -0,2413169176781365, -0,1499787984811726, -0,1257986182739443, -0,13836556291599106, -0,1988920453752717, -0,13681827317474898, -0,1415252972593115, -0,22217946105782244, -0,1373682905428968, -0,12044841717502125, -0,13545457429029714, -0,18130871317202868, -0,19705284328307393, -0,1541934485704285, -0,1281289234848313]
            Calculating correlation with: [Jaccard] Jaccard Coefficient External Evaluation
                Spearman correlation: -0,503126449616306
                Pearson correlation: -0,32175500692429115
        For distance: Edge Path Distance Calculator
            With values: [-0,16593543160748123, -0,1907647272649477, -0,1682012797265516, -0,21827717319472414, -0,20934725443343408, -0,18283727554523643, -0,1564259240563975, -0,18521764066457078, -0,23870952679948196, -0,15341919620412267, -0,09963235294117646, -0,21943406924873532, -0,14461731266447636, -0,17980188540285758, -0,18713879229852862, -0,17628669305205327, -0,1391646933610097, -0,1731728934009719, -0,183179690763636, -0,11919612272464034, -0,12893103815467244, -0,24669615612788737, -0,24731031827193076, -0,28966675485346904, -0,28721287994117695, -0,18761683224506553, -0,1563794478655159, -0,07139447501630669, -0,24609686085201546, -0,2110824810788598]
            Calculating correlation with: [Jaccard] Jaccard Coefficient External Evaluation
                Spearman correlation: 0,14075561388075192
                Pearson correlation: 0,22361714926254364
        For distance: Adjacency Relation Distance Calculator
            With values: [-0,14794375523464157, -0,17900846659678218, -0,17975029594216846, -0,21832809997158759, -0,15621612196738638, -0,11022126588491553, -0,1315505553341321, -0,17442448988573198, -0,11908490054050347, -0,1301408578818387, -0,14298438320269807, -0,10096628040213737, -0,14104925894709863, -0,11327538407930852, -0,15678093490247866, -0,24490082386706422, -0,1476701883287512, -0,12352626653297516, -0,12880094450070098, -0,1997117203395589, -0,13832104777736956, -0,18130353798654184, -0,22091938363731745, -0,13628803945521922, -0,13028265315463416, -0,1772344406095036, -0,1563732072415797, -0,18093081504624797, -0,18521857185708898, -0,134772946988815]
            Calculating correlation with: [Jaccard] Jaccard Coefficient External Evaluation
                Spearman correlation: -0,5316922370487339
                Pearson correlation: -0,45466410910425764
        For distance: Pearson Correlation Distance Calculator
            With values: [-0,21009953715025484, -0,19035252817989962, -0,20693553844408458, -0,25720536879778766, -0,17025738724139852, -0,14912800748618993, -0,21854117975854476, -0,18575774978572288, -0,18471597442310406, -0,21674200336550714, -0,2273176839054593, -0,18311963726557282, -0,1873990158007725, -0,18386345557633674, -0,1865415610751479, -0,2565007864590681, -0,22185938967380664, -0,16804760419574152, -0,23732525664035228, -0,23868820028250587, -0,2055354463291696, -0,21565768770446064, -0,2323727945207169, -0,21013153933245915, -0,13745495346972839, -0,19705024017352743, -0,18971718247702923, -0,22871233028686236, -0,2555282701182961, -0,16285102666953927]
            Calculating correlation with: [Jaccard] Jaccard Coefficient External Evaluation
                Spearman correlation: -0,8486803298472856
                Pearson correlation: -0,7476428211063242
    For criteria : Variance Ratio Criteria Calculator
        For distance: Neighbour Overlap Distance Calculator
            With values: [18,70271749837288, 20,96323879964901, 34,46480804821461, 34,969557819161835, 21,095802582298834, 20,768170344353234, 19,85948698113641, 21,161240380869994, 20,149051254038923, 35,208357202376554, 35,01131773229234, 19,89877205760159, 21,110523670412473, 19,326637726668285, 20,926184017856006, 25,3866069428767, 19,236329916969122, 18,453877681425197, 37,54727861461009, 38,39289192894162, 21,681264800633652, 37,11155923340407, 37,29163284054294, 20,568812205378553, 20,4086611229375, 20,56423074029618, 17,21677401245639, 17,805167482383247, 37,585707324463726, 20,028355348609566]
            Calculating correlation with: [Jaccard] Jaccard Coefficient External Evaluation
                Spearman correlation: 0,5049694036442046
                Pearson correlation: 0,5165264424503029
        For distance: Edge Path Distance Calculator
            With values: [2,420880358055835E-305, 32,0, 2,420880358055835E-305, 2,420880358055835E-305, 1,8156602685418763E-305, 32,0, 32,0, 32,0, 1,8156602685418763E-305, 1,2104401790279176E-305, 1,0375201534525009E-305, 2,420880358055835E-305, 32,0, 2,420880358055835E-305, 1,7652252610823798E-305, 1,8156602685418763E-305, 1,8156602685418763E-305, 32,0, 2,420880358055835E-305, 32,0, 1,8156602685418763E-305, 1,8156602685418763E-305, 32,0, 32,0, 32,0, 1,8156602685418763E-305, 1,7652252610823798E-305, 32,0, 1,8156602685418763E-305, 2,420880358055835E-305]
            Calculating correlation with: [Jaccard] Jaccard Coefficient External Evaluation
                Spearman correlation: -0,06113528111498182
                Pearson correlation: 0,013808702651155429
        For distance: Adjacency Relation Distance Calculator
            With values: [15,36438264938042, 12,690723302739158, 15,380983689928568, 14,727305528902788, 12,967596488298065, 8,625746961343497, 13,293953992967026, 12,736614857212126, 13,06826309743454, 13,699440516821381, 15,579155622094627, 9,18364208522336, 8,708457361394194, 15,139765474209979, 13,105099441120764, 7,256081129139769, 13,921515688709167, 15,03119104056085, 13,600714331355624, 9,59120207329187, 13,188858969849724, 13,470785003565435, 12,667774843784487, 13,311995083312137, 12,731564590563442, 13,35009860639824, 15,25872730426753, 15,745746998541664, 13,644593311701508, 13,12867060969184]
            Calculating correlation with: [Jaccard] Jaccard Coefficient External Evaluation
                Spearman correlation: -0,007371816111596966
                Pearson correlation: -0,19327479646947723
        For distance: Pearson Correlation Distance Calculator
            With values: [31,98137959355332, 31,97542412519549, 31,327844510284017, 34,18772479497769, 29,993460174699273, 29,291461106091965, 30,910203387533436, 32,13187142860177, 32,82920025556607, 32,20271523657324, 32,79200959634326, 30,09236963403575, 30,44213959692734, 30,5117018481203, 33,50488501223916, 34,236614610538474, 32,71739253827665, 24,544994622122065, 35,7491680147365, 36,16349120044335, 31,193507227485846, 35,195122783269525, 33,27248217683302, 34,615608254, 28,615053777416946, 33,80441111849295, 30,435106336611906, 26,850371337795195, 36,739597884964695, 32,45957015292728]
            Calculating correlation with: [Jaccard] Jaccard Coefficient External Evaluation
                Spearman correlation: 0,6051800289111888
                Pearson correlation: 0,5827607721748237
    For criteria : PBM Criteria Calculator
        For distance: Neighbour Overlap Distance Calculator
            With values: [0,018264372557004766, 0,01723950559181662, 0,01778693797266692, 0,01901881407804026, 0,01831232863046774, 0,01802792564613996, 0,018253204945897435, 0,017402335839531245, 0,017490495880242117, 0,01804054761165369, 0,018823493207402578, 0,018289312552942638, 0,018325107352788608, 0,01776345379289364, 0,018165090293277782, 0,01888884445154516, 0,01878547843454016, 0,018021364923266794, 0,02073060877573437, 0,020996730324531847, 0,01882054236166116, 0,02096121064690483, 0,020923092882584347, 0,01785487170605777, 0,017715851669216583, 0,01785089473984043, 0,01793413959630874, 0,01854704946081588, 0,02122901717995891, 0,01738572512900136]
            Calculating correlation with: [Jaccard] Jaccard Coefficient External Evaluation
                Spearman correlation: 0,7339564416106004
                Pearson correlation: 0,6740283356907033
        For distance: Edge Path Distance Calculator
            With values: [1,1125369292536007E-308, 0,014705882352941176, 1,1125369292536007E-308, 1,1125369292536007E-308, 8,344026969402005E-309, 0,014705882352941176, 0,014705882352941176, 0,014705882352941176, 8,344026969402005E-309, 5,562684646268003E-309, 4,768015411086863E-309, 1,1125369292536007E-308, 0,014705882352941176, 1,1125369292536007E-308, 8,112248442474175E-309, 8,344026969402005E-309, 8,344026969402005E-309, 0,014705882352941176, 1,1125369292536007E-308, 0,014705882352941176, 8,344026969402005E-309, 8,344026969402005E-309, 0,014705882352941176, 0,014705882352941176, 0,014705882352941176, 8,344026969402005E-309, 8,112248442474175E-309, 0,014705882352941176, 8,344026969402005E-309, 1,1125369292536007E-308]
            Calculating correlation with: [Jaccard] Jaccard Coefficient External Evaluation
                Spearman correlation: -0,06113528111498182
                Pearson correlation: 0,013808702651155429
        For distance: Adjacency Relation Distance Calculator
            With values: [0,01145426075403716, 0,011322156643269611, 0,011318691444339552, 0,011756240862910461, 0,01130325408207639, 0,008423581016937009, 0,011327364998893846, 0,011363099255912812, 0,011391000509232528, 0,010763445551770988, 0,011614375591614929, 0,008440847504800881, 0,008504352891986517, 0,011436289613016697, 0,011423109046270662, 0,008721251357139146, 0,011601423205533689, 0,011205863948544267, 0,011588745948606032, 0,009990835493012364, 0,010838644326703012, 0,011741860237379139, 0,011573969496126461, 0,011603450408239612, 0,008271600047812354, 0,011636663486951086, 0,011228724356779116, 0,011587116625955957, 0,011893360900606184, 0,011443654943701287]
            Calculating correlation with: [Jaccard] Jaccard Coefficient External Evaluation
                Spearman correlation: 0,3798788990005902
                Pearson correlation: 0,12673221835207069
        For distance: Pearson Correlation Distance Calculator
            With values: [0,019617311308376326, 0,026068810734192725, 0,018890754455033708, 0,02059394281206603, 0,019054946703778417, 0,018608964320935572, 0,019292866343493604, 0,026223056448571265, 0,02619143294871126, 0,019753078128568066, 0,020435555713087826, 0,018782408450363334, 0,01933999425840667, 0,01934869152070602, 0,026730500360073767, 0,02922237799959454, 0,02038905532881625, 0,01764967340463328, 0,027922760391986694, 0,0294832432527191, 0,020134938258044834, 0,028106652368319537, 0,02773347483386722, 0,02761664541035479, 0,0181792404570374, 0,026996036856416186, 0,018352431506388486, 0,019139854370799788, 0,02934006260649909, 0,025922053459836083]
            Calculating correlation with: [Jaccard] Jaccard Coefficient External Evaluation
                Spearman correlation: 0,6316724930622306
                Pearson correlation: 0,5142519288711634
    For criteria : Dunn Index Criteria Calculator
        For distance: Neighbour Overlap Distance Calculator
            With values: [0,2857142857142857, 0,19999999999999996, 0,2857142857142857, 0,4, 0,19999999999999996, 0,19999999999999996, 0,19999999999999996, 0,19999999999999996, 0,19999999999999996, 0,2857142857142857, 0,4, 0,19999999999999996, 0,19999999999999996, 0,19999999999999996, 0,19999999999999996, 0,19999999999999996, 0,4545454545454546, 0,19999999999999996, 0,2857142857142857, 0,2857142857142857, 0,19999999999999996, 0,4545454545454546, 0,4, 0,19999999999999996, 0,19999999999999996, 0,19999999999999996, 0,19999999999999996, 0,2857142857142857, 0,4, 0,19999999999999996]
            Calculating correlation with: [Jaccard] Jaccard Coefficient External Evaluation
                Spearman correlation: 0,4903853850323181
                Pearson correlation: 0,34941636491433914
        For distance: Edge Path Distance Calculator
            With values: [5,562684646268003E-309, 5,562684646268003E-309, 5,562684646268003E-309, 5,562684646268003E-309, 5,562684646268003E-309, 5,562684646268003E-309, 5,562684646268003E-309, 5,562684646268003E-309, 5,562684646268003E-309, 5,562684646268003E-309, 5,562684646268003E-309, 5,562684646268003E-309, 5,562684646268003E-309, 5,562684646268003E-309, 5,562684646268003E-309, 5,562684646268003E-309, 5,562684646268003E-309, 5,562684646268003E-309, 5,562684646268003E-309, 5,562684646268003E-309, 5,562684646268003E-309, 5,562684646268003E-309, 5,562684646268003E-309, 5,562684646268003E-309, 5,562684646268003E-309, 5,562684646268003E-309, 5,562684646268003E-309, 5,562684646268003E-309, 5,562684646268003E-309, 5,562684646268003E-309]
            Calculating correlation with: [Jaccard] Jaccard Coefficient External Evaluation
                Spearman correlation: NaN
                Pearson correlation: NaN
        For distance: Adjacency Relation Distance Calculator
            With values: [0,0936585811581694, 0,0663723311599972, 0,0936585811581694, 0,09386465089278642, 0,06622661785325219, 0,0663723311599972, 0,06984302957695782, 0,0663723311599972, 0,06622661785325219, 0,0936585811581694, 0,0936585811581694, 0,06622661785325219, 0,06984302957695782, 0,0663723311599972, 0,06622661785325219, 0,06622661785325219, 0,0936585811581694, 0,06984302957695782, 0,09386465089278642, 0,09877295966495897, 0,06984302957695782, 0,0936585811581694, 0,09386465089278642, 0,0663723311599972, 0,0663723311599972, 0,06622661785325219, 0,06622661785325219, 0,09877295966495897, 0,0936585811581694, 0,0663723311599972]
            Calculating correlation with: [Jaccard] Jaccard Coefficient External Evaluation
                Spearman correlation: 0,5071059934073135
                Pearson correlation: 0,5268814807130799
        For distance: Pearson Correlation Distance Calculator
            With values: [0,0011640056466307785, 0,006032455498467594, 0,0011640056466307785, 0,006032455498467594, 0,0011640056466307785, 0,001208568526694884, 0,0012557526266885667, 0,006032455498467594, 0,0058100240972416934, 0,0011640056466307785, 0,0058100240972416934, 0,0011640056466307785, 0,0012557526266885667, 0,006032455498467594, 0,0011640056466307785, 0,038753468780149264, 0,12615489828863677, 0,0012557526266885667, 0,001208568526694884, 0,0012557526266885667, 0,041808019020205166, 0,12615489828863677, 0,006032455498467594, 0,006032455498467594, 0,001208568526694884, 0,0058100240972416934, 0,0011640056466307785, 0,0012557526266885667, 0,0058100240972416934, 0,006032455498467594]
            Calculating correlation with: [Jaccard] Jaccard Coefficient External Evaluation
                Spearman correlation: 0,19546586976216618
                Pearson correlation: 0,06342173894515281
    For criteria : Z-Statistics Criteria Calculator
        For distance: Neighbour Overlap Distance Calculator
            With values: [266,7120715822176, 271,98268060390905, 273,0860658312243, 272,5483271917654, 269,3612219730216, 271,139608863319, 266,0793211133508, 271,4437205733475, 267,61590189581995, 265,9012769991094, 263,7779722397899, 269,2695071879981, 268,3716213436864, 266,9936236572598, 266,85688971967176, 278,29713885279153, 264,9687812215432, 271,74602968696485, 262,78594580478523, 263,066182298434, 266,02039791639385, 263,3715633678859, 274,33779400717225, 264,3458388150034, 273,13889656512475, 264,94185396804005, 275,8951841516613, 268,46064884376347, 258,0339874253526, 267,89124736058756]
            Calculating correlation with: [Jaccard] Jaccard Coefficient External Evaluation
                Spearman correlation: -0,4195024106004091
                Pearson correlation: -0,5181529632084547
        For distance: Edge Path Distance Calculator
            With values: [21,449348328562262, 17,21853065187061, 20,844945803320595, 17,419998160284496, 19,636140752837267, 17,92366693131922, 23,403583160176975, 17,21853065187061, 17,92366693131922, 20,683771796589483, 21,99331060127976, 18,62880321076783, 24,209453193832527, 18,185574692257273, 20,07936927134782, 21,751549591183085, 21,751549591183093, 21,99331060127976, 18,487775954878103, 25,41825824431586, 24,51165445645336, 19,333939490216434, 16,170899608118386, 14,559159540807288, 14,659893295014234, 19,736874507044202, 20,482304288175598, 25,41825824431586, 18,366895449829773, 17,21853065187061]
            Calculating correlation with: [Jaccard] Jaccard Coefficient External Evaluation
                Spearman correlation: 0,3326819741801491
                Pearson correlation: 0,43206315789350425
        For distance: Adjacency Relation Distance Calculator
            With values: [207,86586029028018, 213,62996581002045, 212,50467907551743, 210,61268981956366, 211,1516468258927, 213,47499680838257, 205,3398427556873, 213,51938463714242, 209,45448473002375, 206,72370123886728, 204,21980123279343, 211,92066943787847, 207,21835454643136, 210,08538459328443, 208,5298660911623, 220,59475309502412, 209,72003290035687, 208,95870406527945, 207,74672376494914, 205,07487931775898, 206,0714040599218, 208,8990309073657, 218,04588757219028, 209,06681791267658, 215,35575646783022, 207,2605178377805, 210,60595494011838, 204,83648899620587, 204,37872167014683, 211,22506083562612]
            Calculating correlation with: [Jaccard] Jaccard Coefficient External Evaluation
                Spearman correlation: -0,4793984165071123
                Pearson correlation: -0,4054709615366417
        For distance: Pearson Correlation Distance Calculator
            With values: [131,36857067951323, 135,78686432803136, 135,71453826223492, 134,14054895037341, 133,2288054541113, 136,5379391896251, 129,24231491316561, 135,9320184090964, 131,96262383199846, 129,75738210481572, 128,20434696714054, 134,1873082663809, 130,7950655217488, 133,81820402104472, 131,4937923063081, 133,71634839447364, 129,51585674012378, 134,76997303379565, 127,62287367515964, 122,91090910808491, 128,95655492286056, 127,94513988959879, 135,4704823821234, 129,78864182480584, 137,64876686985858, 130,43602336900042, 138,92225060852257, 129,0186332249774, 122,85075226790973, 135,08958279372993]
            Calculating correlation with: [Jaccard] Jaccard Coefficient External Evaluation
                Spearman correlation: -0,7298097950478287
                Pearson correlation: -0,8434006874430859