########### DATASET ###########
########### Sawmill Strike Dataset - Unweightened Undirected, ############
External evaluation: [Jaccard] Jaccard Coefficient External Evaluation
With values: [1,0, 0,8811881188118812, 0,8811881188118812, 0,7452830188679245, 0,8207547169811321, 0,6869565217391305, 1,0, 0,8811881188118812, 0,7117117117117117, 0,7247706422018348, 0,7452830188679245, 0,7247706422018348, 0,6869565217391305, 0,8207547169811321, 0,8240740740740741, 0,7117117117117117, 1,0, 0,6869565217391305, 0,7247706422018348, 0,8207547169811321, 0,7452830188679245, 0,8207547169811321, 0,7247706422018348, 1,0, 0,6869565217391305, 0,8811881188118812, 0,7452830188679245, 0,8240740740740741, 0,8811881188118812, 0,8811881188118812]
With average: 0,808991996120098

    For criteria : Modularity Q Criteria Calculator
        For distance: Neighbour Overlap Distance Calculator
            With values: [0,29864958448753465, 0,2884349030470914, 0,2884349030470914, 0,2567520775623269, 0,25813711911357345, 0,24567174515235457, 0,29864958448753465, 0,2884349030470914, 0,2545013850415513, 0,24844182825484765, 0,2567520775623269, 0,24844182825484765, 0,24567174515235457, 0,25813711911357345, 0,2851454293628809, 0,2545013850415513, 0,29864958448753465, 0,24567174515235457, 0,24844182825484765, 0,25813711911357345, 0,2567520775623269, 0,25813711911357345, 0,24844182825484765, 0,29864958448753465, 0,24567174515235457, 0,2884349030470914, 0,2567520775623269, 0,2851454293628809, 0,2884349030470914, 0,2884349030470914]
            Calculating correlation with: [Jaccard] Jaccard Coefficient External Evaluation
                Spearman correlation: 0,9891107078039928
                Pearson correlation: 0,9340106714987457
        For distance: Edge Path Distance Calculator
            With values: [0,29864958448753465, 0,2884349030470914, 0,2884349030470914, 0,2567520775623269, 0,25813711911357345, 0,24567174515235457, 0,29864958448753465, 0,2884349030470914, 0,2545013850415513, 0,24844182825484765, 0,2567520775623269, 0,24844182825484765, 0,24567174515235457, 0,25813711911357345, 0,2851454293628809, 0,2545013850415513, 0,29864958448753465, 0,24567174515235457, 0,24844182825484765, 0,25813711911357345, 0,2567520775623269, 0,25813711911357345, 0,24844182825484765, 0,29864958448753465, 0,24567174515235457, 0,2884349030470914, 0,2567520775623269, 0,2851454293628809, 0,2884349030470914, 0,2884349030470914]
            Calculating correlation with: [Jaccard] Jaccard Coefficient External Evaluation
                Spearman correlation: 0,9891107078039928
                Pearson correlation: 0,9340106714987457
        For distance: Adjacency Relation Distance Calculator
            With values: [0,29864958448753465, 0,2884349030470914, 0,2884349030470914, 0,2567520775623269, 0,25813711911357345, 0,24567174515235457, 0,29864958448753465, 0,2884349030470914, 0,2545013850415513, 0,24844182825484765, 0,2567520775623269, 0,24844182825484765, 0,24567174515235457, 0,25813711911357345, 0,2851454293628809, 0,2545013850415513, 0,29864958448753465, 0,24567174515235457, 0,24844182825484765, 0,25813711911357345, 0,2567520775623269, 0,25813711911357345, 0,24844182825484765, 0,29864958448753465, 0,24567174515235457, 0,2884349030470914, 0,2567520775623269, 0,2851454293628809, 0,2884349030470914, 0,2884349030470914]
            Calculating correlation with: [Jaccard] Jaccard Coefficient External Evaluation
                Spearman correlation: 0,9891107078039928
                Pearson correlation: 0,9340106714987457
        For distance: Pearson Correlation Distance Calculator
            With values: [0,29864958448753465, 0,2884349030470914, 0,2884349030470914, 0,2567520775623269, 0,25813711911357345, 0,24567174515235457, 0,29864958448753465, 0,2884349030470914, 0,2545013850415513, 0,24844182825484765, 0,2567520775623269, 0,24844182825484765, 0,24567174515235457, 0,25813711911357345, 0,2851454293628809, 0,2545013850415513, 0,29864958448753465, 0,24567174515235457, 0,24844182825484765, 0,25813711911357345, 0,2567520775623269, 0,25813711911357345, 0,24844182825484765, 0,29864958448753465, 0,24567174515235457, 0,2884349030470914, 0,2567520775623269, 0,2851454293628809, 0,2884349030470914, 0,2884349030470914]
            Calculating correlation with: [Jaccard] Jaccard Coefficient External Evaluation
                Spearman correlation: 0,9891107078039928
                Pearson correlation: 0,9340106714987457
    For criteria : C Index Criteria Calculator
        For distance: Neighbour Overlap Distance Calculator
            With values: [0,1265759288365703, 0,16309400394609136, 0,16309400394609136, 0,21726917031735868, 0,180751095207837, 0,21726917031735868, 0,1265759288365703, 0,16309400394609136, 0,21726917031735868, 0,21726917031735868, 0,21726917031735868, 0,21726917031735868, 0,21726917031735868, 0,180751095207837, 0,16309400394609136, 0,21726917031735868, 0,1265759288365703, 0,21726917031735868, 0,21726917031735868, 0,180751095207837, 0,21726917031735868, 0,180751095207837, 0,21726917031735868, 0,1265759288365703, 0,21726917031735868, 0,16309400394609136, 0,21726917031735868, 0,16309400394609136, 0,16309400394609136, 0,16309400394609136]
            Calculating correlation with: [Jaccard] Jaccard Coefficient External Evaluation
                Spearman correlation: -0,9449454799471741
                Pearson correlation: -0,9769448265528445
        For distance: Edge Path Distance Calculator
            With values: [0,9210526315789473, 0,8947368421052632, 0,8947368421052632, 0,8157894736842105, 0,8421052631578947, 0,8157894736842105, 0,9210526315789473, 0,8947368421052632, 0,8157894736842105, 0,8157894736842105, 0,8157894736842105, 0,8157894736842105, 0,8157894736842105, 0,8421052631578947, 0,8947368421052632, 0,8157894736842105, 0,9210526315789473, 0,8157894736842105, 0,8157894736842105, 0,8421052631578947, 0,8157894736842105, 0,8421052631578947, 0,8157894736842105, 0,9210526315789473, 0,8157894736842105, 0,8947368421052632, 0,8157894736842105, 0,8947368421052632, 0,8947368421052632, 0,8947368421052632]
            Calculating correlation with: [Jaccard] Jaccard Coefficient External Evaluation
                Spearman correlation: 0,9449454799471743
                Pearson correlation: 0,9422396602607832
        For distance: Adjacency Relation Distance Calculator
            With values: [0,12469574744561633, 0,14933300486537904, 0,14933300486537904, 0,18741535669123308, 0,18010437563658546, 0,18139692499166757, 0,12469574744561633, 0,14933300486537904, 0,16345637880263542, 0,20854039954625675, 0,18741535669123308, 0,20854039954625675, 0,18139692499166757, 0,18010437563658546, 0,12023497400164376, 0,16345637880263542, 0,12469574744561633, 0,18139692499166757, 0,20854039954625675, 0,18010437563658546, 0,18741535669123308, 0,18010437563658546, 0,20854039954625675, 0,12469574744561633, 0,18139692499166757, 0,14933300486537904, 0,18741535669123308, 0,12023497400164376, 0,14933300486537904, 0,14933300486537904]
            Calculating correlation with: [Jaccard] Jaccard Coefficient External Evaluation
                Spearman correlation: -0,753176043557169
                Pearson correlation: -0,7878463301575966
        For distance: Pearson Correlation Distance Calculator
            With values: [0,13635582657202344, 0,1827145210870259, 0,1827145210870259, 0,23073693616765162, 0,19436876189143648, 0,2386417963745748, 0,13635582657202344, 0,1827145210870259, 0,2295816760860345, 0,2408879575666777, 0,23073693616765162, 0,2408879575666777, 0,2386417963745748, 0,19436876189143648, 0,1803752587514749, 0,2295816760860345, 0,13635582657202344, 0,2386417963745748, 0,2408879575666777, 0,19436876189143648, 0,23073693616765162, 0,19436876189143648, 0,2408879575666777, 0,13635582657202344, 0,2386417963745748, 0,1827145210870259, 0,23073693616765162, 0,1803752587514749, 0,1827145210870259, 0,1827145210870259]
            Calculating correlation with: [Jaccard] Jaccard Coefficient External Evaluation
                Spearman correlation: -0,8983666061705992
                Pearson correlation: -0,9791005472533177
    For criteria : Davies Bouldin Criteria Calculator
        For distance: Neighbour Overlap Distance Calculator
            With values: [1,1182379349046014, 1,173088023088023, 1,173088023088023, 1,2084391534391532, 1,140079365079365, 1,1656565656565656, 1,1182379349046014, 1,173088023088023, 1,1958152958152957, 1,1986507936507933, 1,2084391534391532, 1,1986507936507933, 1,1656565656565656, 1,140079365079365, 1,137301587301587, 1,1958152958152957, 1,1182379349046014, 1,1656565656565656, 1,1986507936507933, 1,140079365079365, 1,2084391534391532, 1,140079365079365, 1,1986507936507933, 1,1182379349046014, 1,1656565656565656, 1,173088023088023, 1,2084391534391532, 1,137301587301587, 1,173088023088023, 1,173088023088023]
            Calculating correlation with: [Jaccard] Jaccard Coefficient External Evaluation
                Spearman correlation: -0,4809437386569873
                Pearson correlation: -0,6988889074195482
        For distance: Edge Path Distance Calculator
            With values: [Infinity, 5,583743827981436E307, 5,583743827981436E307, 5,692694927064E307, Infinity, Infinity, Infinity, 5,583743827981436E307, 4,49423283715579E307, 1,797693134862316E307, 5,692694927064E307, 1,797693134862316E307, Infinity, Infinity, Infinity, 4,49423283715579E307, Infinity, Infinity, 1,797693134862316E307, Infinity, 5,692694927064E307, Infinity, 1,797693134862316E307, Infinity, Infinity, 5,583743827981436E307, 5,692694927064E307, Infinity, 5,583743827981436E307, 5,583743827981436E307]
            Calculating correlation with: [Jaccard] Jaccard Coefficient External Evaluation
                Spearman correlation: 0,18326551947556557
                Pearson correlation: NaN
        For distance: Adjacency Relation Distance Calculator
            With values: [1,2249708432776965, 1,280634540385329, 1,280634540385329, 1,3084333414488905, 1,234893652338572, 1,2460772277327323, 1,2249708432776965, 1,280634540385329, 1,2808465951094552, 1,2932891463861707, 1,3084333414488905, 1,2932891463861707, 1,2460772277327323, 1,234893652338572, 1,231496359910806, 1,2808465951094552, 1,2249708432776965, 1,2460772277327323, 1,2932891463861707, 1,234893652338572, 1,3084333414488905, 1,234893652338572, 1,2932891463861707, 1,2249708432776965, 1,2460772277327323, 1,280634540385329, 1,3084333414488905, 1,231496359910806, 1,280634540385329, 1,280634540385329]
            Calculating correlation with: [Jaccard] Jaccard Coefficient External Evaluation
                Spearman correlation: -0,4809437386569873
                Pearson correlation: -0,4559268172090616
        For distance: Pearson Correlation Distance Calculator
            With values: [0,992559968080078, 1,043836084397267, 1,043836084397267, 1,0664955433343448, 1,013599526543014, 1,0569643864766736, 0,992559968080078, 1,043836084397267, 1,0678846350063051, 1,067747651690998, 1,0664955433343448, 1,067747651690998, 1,0569643864766736, 1,013599526543014, 1,0292777048398527, 1,0678846350063051, 0,992559968080078, 1,0569643864766736, 1,067747651690998, 1,013599526543014, 1,0664955433343448, 1,013599526543014, 1,067747651690998, 0,992559968080078, 1,0569643864766736, 1,043836084397267, 1,0664955433343448, 1,0292777048398527, 1,043836084397267, 1,043836084397267]
            Calculating correlation with: [Jaccard] Jaccard Coefficient External Evaluation
                Spearman correlation: -0,7640653357531761
                Pearson correlation: -0,8365497891313849
    For criteria : Silhouette Width Criteria 2 Calculator
        For distance: Neighbour Overlap Distance Calculator
            With values: [0,008641975308641973, 0,0, 0,0, 0,0, 0,006455026455026458, -2,7056277056276487E-4, 0,008641975308641973, 0,0, 0,0, -8,184523809523728E-4, 0,0, -8,184523809523728E-4, -2,7056277056276487E-4, 0,006455026455026458, 0,0, 0,0, 0,008641975308641973, -2,7056277056276487E-4, -8,184523809523728E-4, 0,006455026455026458, 0,0, 0,006455026455026458, -8,184523809523728E-4, 0,008641975308641973, -2,7056277056276487E-4, 0,0, 0,0, 0,0, 0,0, 0,0]
            Calculating correlation with: [Jaccard] Jaccard Coefficient External Evaluation
                Spearman correlation: 0,7354048726237579
                Pearson correlation: 0,6986623378632106
        For distance: Edge Path Distance Calculator
            With values: [-0,9931818181818182, -0,9522727272727273, -0,9522727272727273, -0,9099999999999999, -0,95, -0,8984848484848484, -0,9931818181818182, -0,9522727272727273, -0,9005050505050505, -0,9091666666666667, -0,9099999999999999, -0,9091666666666667, -0,8984848484848484, -0,95, -0,9435185185185185, -0,9005050505050505, -0,9931818181818182, -0,8984848484848484, -0,9091666666666667, -0,95, -0,9099999999999999, -0,95, -0,9091666666666667, -0,9931818181818182, -0,8984848484848484, -0,9522727272727273, -0,9099999999999999, -0,9435185185185185, -0,9522727272727273, -0,9522727272727273]
            Calculating correlation with: [Jaccard] Jaccard Coefficient External Evaluation
                Spearman correlation: -0,9891107078039928
                Pearson correlation: -0,985235893385223
        For distance: Adjacency Relation Distance Calculator
            With values: [0,0058674197654516045, 0,0, 0,0, 0,0, 2,4359724892100408E-4, -0,005338887423753184, 0,0058674197654516045, 0,0, 0,0, -0,005334471731642506, 0,0, -0,005334471731642506, -0,005338887423753184, 2,4359724892100408E-4, 0,0, 0,0, 0,0058674197654516045, -0,005338887423753184, -0,005334471731642506, 2,4359724892100408E-4, 0,0, 2,4359724892100408E-4, -0,005334471731642506, 0,0058674197654516045, -0,005338887423753184, 0,0, 0,0, 0,0, 0,0, 0,0]
            Calculating correlation with: [Jaccard] Jaccard Coefficient External Evaluation
                Spearman correlation: 0,7811295279164271
                Pearson correlation: 0,8606671377134935
        For distance: Pearson Correlation Distance Calculator
            With values: [0,011830661706447702, 0,0, 0,0, -7,602562038746476E-4, 0,006286151826986553, -0,0036274749758017522, 0,011830661706447702, 0,0, 0,0, -0,004177885684781973, -7,602562038746476E-4, -0,004177885684781973, -0,0036274749758017522, 0,006286151826986553, 0,0, 0,0, 0,011830661706447702, -0,0036274749758017522, -0,004177885684781973, 0,006286151826986553, -7,602562038746476E-4, 0,006286151826986553, -0,004177885684781973, 0,011830661706447702, -0,0036274749758017522, 0,0, -7,602562038746476E-4, 0,0, 0,0, 0,0]
            Calculating correlation with: [Jaccard] Jaccard Coefficient External Evaluation
                Spearman correlation: 0,7717228020779952
                Pearson correlation: 0,821479666694304
    For criteria : Variance Ratio Criteria Calculator
        For distance: Neighbour Overlap Distance Calculator
            With values: [11,266094420600856, 11,723656664340542, 11,723656664340542, 11,512763405859172, 10,321221695629275, 10,793215692992975, 11,266094420600856, 11,723656664340542, 11,512763405859172, 10,793215692992975, 11,512763405859172, 10,793215692992975, 10,793215692992975, 10,321221695629275, 11,723656664340542, 11,512763405859172, 11,266094420600856, 10,793215692992975, 10,793215692992975, 10,321221695629275, 11,512763405859172, 10,321221695629275, 10,793215692992975, 11,266094420600856, 10,793215692992975, 11,723656664340542, 11,512763405859172, 11,723656664340542, 11,723656664340542, 11,723656664340542]
            Calculating correlation with: [Jaccard] Jaccard Coefficient External Evaluation
                Spearman correlation: 0,43507644877212226
                Pearson correlation: 0,3032699460182978
        For distance: Edge Path Distance Calculator
            With values: [2,6700886302086417E-307, 4,450147717014403E-307, 4,450147717014403E-307, 4,450147717014403E-307, 3,337610787760802E-307, 4,450147717014403E-307, 2,6700886302086417E-307, 4,450147717014403E-307, 6,675221575521604E-307, 1,3350443151043208E-306, 4,450147717014403E-307, 1,3350443151043208E-306, 4,450147717014403E-307, 3,337610787760802E-307, 2,6700886302086417E-307, 6,675221575521604E-307, 2,6700886302086417E-307, 4,450147717014403E-307, 1,3350443151043208E-306, 3,337610787760802E-307, 4,450147717014403E-307, 3,337610787760802E-307, 1,3350443151043208E-306, 2,6700886302086417E-307, 4,450147717014403E-307, 4,450147717014403E-307, 4,450147717014403E-307, 2,6700886302086417E-307, 4,450147717014403E-307, 4,450147717014403E-307]
            Calculating correlation with: [Jaccard] Jaccard Coefficient External Evaluation
                Spearman correlation: -0,6414293181644795
                Pearson correlation: NaN
        For distance: Adjacency Relation Distance Calculator
            With values: [12,155367974430835, 12,117466685468761, 12,117466685468761, 12,055665968068126, 11,91515496706586, 11,896950652147417, 12,155367974430835, 12,117466685468761, 12,072138889585954, 11,88187042785692, 12,055665968068126, 11,88187042785692, 11,896950652147417, 11,91515496706586, 12,134636660277847, 12,072138889585954, 12,155367974430835, 11,896950652147417, 11,88187042785692, 11,91515496706586, 12,055665968068126, 11,91515496706586, 11,88187042785692, 12,155367974430835, 11,896950652147417, 12,117466685468761, 12,055665968068126, 12,134636660277847, 12,117466685468761, 12,117466685468761]
            Calculating correlation with: [Jaccard] Jaccard Coefficient External Evaluation
                Spearman correlation: 0,8294010889292195
                Pearson correlation: 0,7157120566436086
        For distance: Pearson Correlation Distance Calculator
            With values: [12,636337956377746, 12,876309675313781, 12,876309675313781, 12,586030934705095, 11,528201249232692, 11,816687329255766, 12,636337956377746, 12,876309675313781, 12,591454429131359, 11,810504687478948, 12,586030934705095, 11,810504687478948, 11,816687329255766, 11,528201249232692, 12,88156003279398, 12,591454429131359, 12,636337956377746, 11,816687329255766, 11,810504687478948, 11,528201249232692, 12,586030934705095, 11,528201249232692, 11,810504687478948, 12,636337956377746, 11,816687329255766, 12,876309675313781, 12,586030934705095, 12,88156003279398, 12,876309675313781, 12,876309675313781]
            Calculating correlation with: [Jaccard] Jaccard Coefficient External Evaluation
                Spearman correlation: 0,5825771324863884
                Pearson correlation: 0,4926977896043883
    For criteria : PBM Criteria Calculator
        For distance: Neighbour Overlap Distance Calculator
            With values: [0,025035765379113013, 0,024424284717376128, 0,024424284717376128, 0,02398492376220661, 0,02457433737054589, 0,02398492376220661, 0,025035765379113013, 0,024424284717376128, 0,02398492376220661, 0,02398492376220661, 0,02398492376220661, 0,02398492376220661, 0,02398492376220661, 0,02457433737054589, 0,024424284717376128, 0,02398492376220661, 0,025035765379113013, 0,02398492376220661, 0,02398492376220661, 0,02457433737054589, 0,02398492376220661, 0,02457433737054589, 0,02398492376220661, 0,025035765379113013, 0,02398492376220661, 0,024424284717376128, 0,02398492376220661, 0,024424284717376128, 0,024424284717376128, 0,024424284717376128]
            Calculating correlation with: [Jaccard] Jaccard Coefficient External Evaluation
                Spearman correlation: 0,8527556770254985
                Pearson correlation: 0,9459233448029182
        For distance: Edge Path Distance Calculator
            With values: [3,7084564308453E-310, 6,18076071807554E-310, 6,18076071807554E-310, 6,18076071807554E-310, 4,63557053855665E-310, 6,18076071807554E-310, 3,7084564308453E-310, 6,18076071807554E-310, 9,27114107711336E-310, 1,854228215422666E-309, 6,18076071807554E-310, 1,854228215422666E-309, 6,18076071807554E-310, 4,63557053855665E-310, 3,7084564308453E-310, 9,27114107711336E-310, 3,7084564308453E-310, 6,18076071807554E-310, 1,854228215422666E-309, 4,63557053855665E-310, 6,18076071807554E-310, 4,63557053855665E-310, 1,854228215422666E-309, 3,7084564308453E-310, 6,18076071807554E-310, 6,18076071807554E-310, 6,18076071807554E-310, 3,7084564308453E-310, 6,18076071807554E-310, 6,18076071807554E-310]
            Calculating correlation with: [Jaccard] Jaccard Coefficient External Evaluation
                Spearman correlation: -0,6414293181644795
                Pearson correlation: NaN
        For distance: Adjacency Relation Distance Calculator
            With values: [0,024948960282453622, 0,024510242734366104, 0,024510242734366104, 0,024224436628783347, 0,024652892912940705, 0,024418557293131624, 0,024948960282453622, 0,024510242734366104, 0,024418557293131624, 0,024224436628783347, 0,024224436628783347, 0,024224436628783347, 0,024418557293131624, 0,024652892912940705, 0,024708989781109143, 0,024418557293131624, 0,024948960282453622, 0,024418557293131624, 0,024224436628783347, 0,024652892912940705, 0,024224436628783347, 0,024652892912940705, 0,024224436628783347, 0,024948960282453622, 0,024418557293131624, 0,024510242734366104, 0,024224436628783347, 0,024708989781109143, 0,024510242734366104, 0,024510242734366104]
            Calculating correlation with: [Jaccard] Jaccard Coefficient External Evaluation
                Spearman correlation: 0,7369760486676212
                Pearson correlation: 0,826084291900378
        For distance: Pearson Correlation Distance Calculator
            With values: [0,028249413090984724, 0,027014656888001087, 0,027014656888001087, 0,026442911504494047, 0,027624812054682563, 0,026417027059858756, 0,028249413090984724, 0,027014656888001087, 0,026417027059858756, 0,026442911504494047, 0,026442911504494047, 0,026442911504494047, 0,026417027059858756, 0,027624812054682563, 0,02698764157346609, 0,026417027059858756, 0,028249413090984724, 0,026417027059858756, 0,026442911504494047, 0,027624812054682563, 0,026442911504494047, 0,027624812054682563, 0,026442911504494047, 0,028249413090984724, 0,026417027059858756, 0,027014656888001087, 0,026442911504494047, 0,02698764157346609, 0,027014656888001087, 0,027014656888001087]
            Calculating correlation with: [Jaccard] Jaccard Coefficient External Evaluation
                Spearman correlation: 0,9019706864290289
                Pearson correlation: 0,8913120598576146
    For criteria : Dunn Index Criteria Calculator
        For distance: Neighbour Overlap Distance Calculator
            With values: [0,8888888888888888, 0,8888888888888888, 0,8888888888888888, 0,75, 0,8888888888888888, 0,8888888888888888, 0,8888888888888888, 0,8888888888888888, 0,8, 0,8888888888888888, 0,75, 0,8888888888888888, 0,8888888888888888, 0,8888888888888888, 0,8888888888888888, 0,8, 0,8888888888888888, 0,8888888888888888, 0,8888888888888888, 0,8888888888888888, 0,75, 0,8888888888888888, 0,8888888888888888, 0,8888888888888888, 0,8888888888888888, 0,8888888888888888, 0,75, 0,8888888888888888, 0,8888888888888888, 0,8888888888888888]
            Calculating correlation with: [Jaccard] Jaccard Coefficient External Evaluation
                Spearman correlation: 0,29135422516982334
                Pearson correlation: 0,3503952100853697
        For distance: Edge Path Distance Calculator
            With values: [5,562684646268003E-309, 5,562684646268003E-309, 5,562684646268003E-309, 5,562684646268003E-309, 5,562684646268003E-309, 5,562684646268003E-309, 5,562684646268003E-309, 5,562684646268003E-309, 5,562684646268003E-309, 5,562684646268003E-309, 5,562684646268003E-309, 5,562684646268003E-309, 5,562684646268003E-309, 5,562684646268003E-309, 5,562684646268003E-309, 5,562684646268003E-309, 5,562684646268003E-309, 5,562684646268003E-309, 5,562684646268003E-309, 5,562684646268003E-309, 5,562684646268003E-309, 5,562684646268003E-309, 5,562684646268003E-309, 5,562684646268003E-309, 5,562684646268003E-309, 5,562684646268003E-309, 5,562684646268003E-309, 5,562684646268003E-309, 5,562684646268003E-309, 5,562684646268003E-309]
            Calculating correlation with: [Jaccard] Jaccard Coefficient External Evaluation
                Spearman correlation: NaN
                Pearson correlation: NaN
        For distance: Adjacency Relation Distance Calculator
            With values: [0,7905694150420948, 0,6546536707079771, 0,6546536707079771, 0,6546536707079771, 0,7071067811865475, 0,6324555320336759, 0,7905694150420948, 0,6546536707079771, 0,7559289460184544, 0,5477225575051661, 0,6546536707079771, 0,5477225575051661, 0,6324555320336759, 0,7071067811865475, 0,7559289460184544, 0,7559289460184544, 0,7905694150420948, 0,6324555320336759, 0,5477225575051661, 0,7071067811865475, 0,6546536707079771, 0,7071067811865475, 0,5477225575051661, 0,7905694150420948, 0,6324555320336759, 0,6546536707079771, 0,6546536707079771, 0,7559289460184544, 0,6546536707079771, 0,6546536707079771]
            Calculating correlation with: [Jaccard] Jaccard Coefficient External Evaluation
                Spearman correlation: 0,6206935186164303
                Pearson correlation: 0,6219759558628847
        For distance: Pearson Correlation Distance Calculator
            With values: [0,8517324172956866, 0,8517324172956866, 0,8517324172956866, 0,5605406655025548, 0,8048058983988963, 0,8048058983988963, 0,8517324172956866, 0,8517324172956866, 0,6220372658571921, 0,8048058983988963, 0,5605406655025548, 0,8048058983988963, 0,8048058983988963, 0,8048058983988963, 0,8517324172956866, 0,6220372658571921, 0,8517324172956866, 0,8048058983988963, 0,8048058983988963, 0,8048058983988963, 0,5605406655025548, 0,8048058983988963, 0,8048058983988963, 0,8517324172956866, 0,8048058983988963, 0,8517324172956866, 0,5605406655025548, 0,8517324172956866, 0,8517324172956866, 0,8517324172956866]
            Calculating correlation with: [Jaccard] Jaccard Coefficient External Evaluation
                Spearman correlation: 0,7494098074073453
                Pearson correlation: 0,5071250590658496
    For criteria : Z-Statistics Criteria Calculator
        For distance: Neighbour Overlap Distance Calculator
            With values: [69,19341273293735, 65,2692606876259, 65,2692606876259, 60,61753029956685, 69,55123814740342, 71,88903085524852, 69,19341273293735, 65,2692606876259, 66,87947505272332, 64,3746971514607, 60,61753029956685, 64,3746971514607, 71,88903085524852, 69,55123814740342, 74,03598334204503, 66,87947505272332, 69,19341273293735, 71,88903085524852, 64,3746971514607, 69,55123814740342, 60,61753029956685, 69,55123814740342, 64,3746971514607, 69,19341273293735, 71,88903085524852, 65,2692606876259, 60,61753029956685, 74,03598334204503, 65,2692606876259, 65,2692606876259]
            Calculating correlation with: [Jaccard] Jaccard Coefficient External Evaluation
                Spearman correlation: -0,027223230490017652
                Pearson correlation: 0,12113401029996608
        For distance: Edge Path Distance Calculator
            With values: [19,84291903792296, 19,219581267098157, 19,219581267098157, 17,34956795462374, 17,972905725448545, 17,34956795462374, 19,84291903792296, 19,219581267098157, 17,34956795462374, 17,34956795462374, 17,34956795462374, 17,34956795462374, 17,34956795462374, 17,972905725448545, 19,219581267098157, 17,34956795462374, 19,84291903792296, 17,34956795462374, 17,34956795462374, 17,972905725448545, 17,34956795462374, 17,972905725448545, 17,34956795462374, 19,84291903792296, 17,34956795462374, 19,219581267098157, 17,34956795462374, 19,219581267098157, 19,219581267098157, 19,219581267098157]
            Calculating correlation with: [Jaccard] Jaccard Coefficient External Evaluation
                Spearman correlation: 0,9449454799471743
                Pearson correlation: 0,9422396602607829
        For distance: Adjacency Relation Distance Calculator
            With values: [65,27714738173192, 61,83961432702955, 61,83961432702955, 57,82906717335958, 66,59711626026893, 67,7900301767588, 65,27714738173192, 61,83961432702955, 62,45951414455184, 62,16100977603316, 57,82906717335958, 62,16100977603316, 67,7900301767588, 66,59711626026893, 68,46720815728864, 62,45951414455184, 65,27714738173192, 67,7900301767588, 62,16100977603316, 66,59711626026893, 57,82906717335958, 66,59711626026893, 62,16100977603316, 65,27714738173192, 67,7900301767588, 61,83961432702955, 57,82906717335958, 68,46720815728864, 61,83961432702955, 61,83961432702955]
            Calculating correlation with: [Jaccard] Jaccard Coefficient External Evaluation
                Spearman correlation: -0,19056261343012681
                Pearson correlation: 0,09455100921656476
        For distance: Pearson Correlation Distance Calculator
            With values: [58,99581390913076, 56,325516805078145, 56,325516805078145, 52,62764186857688, 60,10322519162718, 62,91517339716831, 58,99581390913076, 56,325516805078145, 58,10988717817065, 56,32836273981281, 52,62764186857688, 56,32836273981281, 62,91517339716831, 60,10322519162718, 64,01689281019539, 58,10988717817065, 58,99581390913076, 62,91517339716831, 56,32836273981281, 60,10322519162718, 52,62764186857688, 60,10322519162718, 56,32836273981281, 58,99581390913076, 62,91517339716831, 56,325516805078145, 52,62764186857688, 64,01689281019539, 56,325516805078145, 56,325516805078145]
            Calculating correlation with: [Jaccard] Jaccard Coefficient External Evaluation
                Spearman correlation: -0,19056261343012681
                Pearson correlation: -0,017224403342883436
    For criteria : Point Biserial Criteria Calculator
        For distance: Neighbour Overlap Distance Calculator
            With values: [-33,49654155914269, -35,247018334732886, -35,247018334732886, -37,18729302035946, -33,22490613690305, -32,0506131577771, -33,49654155914269, -35,247018334732886, -34,39189894481206, -35,52845619406897, -37,18729302035946, -35,52845619406897, -32,0506131577771, -33,22490613690305, -31,109155213902635, -34,39189894481206, -33,49654155914269, -32,0506131577771, -35,52845619406897, -33,22490613690305, -37,18729302035946, -33,22490613690305, -35,52845619406897, -33,49654155914269, -32,0506131577771, -35,247018334732886, -37,18729302035946, -31,109155213902635, -35,247018334732886, -35,247018334732886]
            Calculating correlation with: [Jaccard] Jaccard Coefficient External Evaluation
                Spearman correlation: -0,027223230490017652
                Pearson correlation: 0,07951507752685966
        For distance: Edge Path Distance Calculator
            With values: [28,77151988121764, 26,704762346514233, 26,704762346514233, 21,063568333289904, 23,320919003287447, 21,578639910913232, 28,77151988121764, 26,704762346514233, 21,363809877211388, 21,248009194671422, 21,063568333289904, 21,248009194671422, 21,578639910913232, 23,320919003287447, 27,15676487622391, 21,363809877211388, 28,77151988121764, 21,578639910913232, 21,248009194671422, 23,320919003287447, 21,063568333289904, 23,320919003287447, 21,248009194671422, 28,77151988121764, 21,578639910913232, 26,704762346514233, 21,063568333289904, 27,15676487622391, 26,704762346514233, 26,704762346514233]
            Calculating correlation with: [Jaccard] Jaccard Coefficient External Evaluation
                Spearman correlation: 0,7858439201451906
                Pearson correlation: 0,9342736896707784
        For distance: Adjacency Relation Distance Calculator
            With values: [-34,71901377192749, -36,22407987392494, -36,22407987392494, -37,84387065133484, -33,91985065817666, -33,352509973279304, -34,71901377192749, -36,22407987392494, -35,89033488358754, -35,855633696492895, -37,84387065133484, -35,855633696492895, -33,352509973279304, -33,91985065817666, -33,20861098711274, -35,89033488358754, -34,71901377192749, -33,352509973279304, -35,855633696492895, -33,91985065817666, -37,84387065133484, -33,91985065817666, -35,855633696492895, -34,71901377192749, -33,352509973279304, -36,22407987392494, -37,84387065133484, -33,20861098711274, -36,22407987392494, -36,22407987392494]
            Calculating correlation with: [Jaccard] Jaccard Coefficient External Evaluation
                Spearman correlation: -0,17967332123411958
                Pearson correlation: 0,038463030861940466
        For distance: Pearson Correlation Distance Calculator
            With values: [-35,60790796116639, -36,81235501950452, -36,81235501950452, -38,42352242137735, -34,87124100114196, -33,29673469187247, -35,60790796116639, -36,81235501950452, -35,770620520436815, -36,61116435381781, -38,42352242137735, -36,61116435381781, -33,29673469187247, -34,87124100114196, -32,86912770430311, -35,770620520436815, -35,60790796116639, -33,29673469187247, -36,61116435381781, -34,87124100114196, -38,42352242137735, -34,87124100114196, -36,61116435381781, -35,60790796116639, -33,29673469187247, -36,81235501950452, -38,42352242137735, -32,86912770430311, -36,81235501950452, -36,81235501950452]
            Calculating correlation with: [Jaccard] Jaccard Coefficient External Evaluation
                Spearman correlation: -0,19056261343012681
                Pearson correlation: -0,08954158275506259