########### DATASET ###########
########### NCAA Football Dataset - Unweightened Undirected, ############
External evaluation: [Jaccard] Jaccard Coefficient External Evaluation
With values: [0,9026785714285714, 0,9146489104116223, 0,900728597449909, 0,872856298048492, 0,9233064756789018, 0,9201578627808136, 0,8451188090466648, 0,8891566265060241, 0,8429020279920023, 0,9446303620322483, 0,8945937783147085, 0,8883202889825407, 0,8860721741723829, 0,8943555689707214, 0,8796433878157504, 0,8904646952323476, 0,8630536130536131, 0,8786710175022249, 0,8956127080181543, 0,9013357619914997, 0,8797148797148797, 0,9047761194029851, 0,8772969768820391, 0,8913043478260869, 0,8970020777678837, 0,8918102145663342, 0,8945300695074041, 0,8754448398576512, 0,8910024154589372, 0,8902291917973462]
With average: 0,8907139556070247

    For criteria : Modularity Q Criteria Calculator
        For distance: Neighbour Overlap Distance Calculator
            With values: [0,22685305528691221, 0,2225987254770573, 0,22643044776215732, 0,21560491403347537, 0,2269345898809902, 0,2216162739820682, 0,21595648151586475, 0,21880938503541453, 0,21760654795444995, 0,2259347820120146, 0,22365423519743416, 0,2173885841881005, 0,22621692399845586, 0,22246512176101746, 0,22447321386766142, 0,2179028172220431, 0,2201918404053152, 0,2223464525993384, 0,22017892403397593, 0,2270988699789619, 0,22173736496337343, 0,22746052837645975, 0,22217087067644592, 0,2179193663228215, 0,22190124142473952, 0,2180711336860573, 0,2214160702263104, 0,21576475412879828, 0,21784428991441232, 0,21568362317132375]
            Calculating correlation with: [Jaccard] Jaccard Coefficient External Evaluation
                Spearman correlation: 0,6173526140155728
                Pearson correlation: 0,5672322516128404
        For distance: Edge Path Distance Calculator
            With values: [0,22685305528691221, 0,2225987254770573, 0,22643044776215732, 0,21560491403347537, 0,2269345898809902, 0,2216162739820682, 0,21595648151586475, 0,21880938503541453, 0,21760654795444995, 0,2259347820120146, 0,22365423519743416, 0,2173885841881005, 0,22621692399845586, 0,22246512176101746, 0,22447321386766142, 0,2179028172220431, 0,2201918404053152, 0,2223464525993384, 0,22017892403397593, 0,2270988699789619, 0,22173736496337343, 0,22746052837645975, 0,22217087067644592, 0,2179193663228215, 0,22190124142473952, 0,2180711336860573, 0,2214160702263104, 0,21576475412879828, 0,21784428991441232, 0,21568362317132375]
            Calculating correlation with: [Jaccard] Jaccard Coefficient External Evaluation
                Spearman correlation: 0,6173526140155728
                Pearson correlation: 0,5672322516128404
        For distance: Adjacency Relation Distance Calculator
            With values: [0,22685305528691221, 0,2225987254770573, 0,22643044776215732, 0,21560491403347537, 0,2269345898809902, 0,2216162739820682, 0,21595648151586475, 0,21880938503541453, 0,21760654795444995, 0,2259347820120146, 0,22365423519743416, 0,2173885841881005, 0,22621692399845586, 0,22246512176101746, 0,22447321386766142, 0,2179028172220431, 0,2201918404053152, 0,2223464525993384, 0,22017892403397593, 0,2270988699789619, 0,22173736496337343, 0,22746052837645975, 0,22217087067644592, 0,2179193663228215, 0,22190124142473952, 0,2180711336860573, 0,2214160702263104, 0,21576475412879828, 0,21784428991441232, 0,21568362317132375]
            Calculating correlation with: [Jaccard] Jaccard Coefficient External Evaluation
                Spearman correlation: 0,6173526140155728
                Pearson correlation: 0,5672322516128404
        For distance: Pearson Correlation Distance Calculator
            With values: [0,22685305528691221, 0,2225987254770573, 0,22643044776215732, 0,21560491403347537, 0,2269345898809902, 0,2216162739820682, 0,21595648151586475, 0,21880938503541453, 0,21760654795444995, 0,2259347820120146, 0,22365423519743416, 0,2173885841881005, 0,22621692399845586, 0,22246512176101746, 0,22447321386766142, 0,2179028172220431, 0,2201918404053152, 0,2223464525993384, 0,22017892403397593, 0,2270988699789619, 0,22173736496337343, 0,22746052837645975, 0,22217087067644592, 0,2179193663228215, 0,22190124142473952, 0,2180711336860573, 0,2214160702263104, 0,21576475412879828, 0,21784428991441232, 0,21568362317132375]
            Calculating correlation with: [Jaccard] Jaccard Coefficient External Evaluation
                Spearman correlation: 0,6173526140155728
                Pearson correlation: 0,5672322516128404
    For criteria : C Index Criteria Calculator
        For distance: Neighbour Overlap Distance Calculator
            With values: [0,5447650562208498, 0,5500387404901709, 0,5454762338901812, 0,5617709344565796, 0,5459087349785228, 0,5519223709244581, 0,5627037099287464, 0,5548609192024248, 0,5615416402494795, 0,5446552610316525, 0,5495067550743631, 0,55661384551511, 0,546734054660106, 0,550603416611929, 0,5471781908402847, 0,5565141134737713, 0,5525792487378375, 0,5514792050711796, 0,5533132286474423, 0,5440787311390445, 0,550825587566057, 0,5455867121146839, 0,5501909548696157, 0,554597755863311, 0,5507971751536731, 0,5563281488035107, 0,5481870148391784, 0,5609953380433765, 0,5578502953707196, 0,5586673918219471]
            Calculating correlation with: [Jaccard] Jaccard Coefficient External Evaluation
                Spearman correlation: -0,6569521690767519
                Pearson correlation: -0,6450273724931311
        For distance: Edge Path Distance Calculator
            With values: [0,5438373570520966, 0,5336721728081322, 0,5400254129606099, 0,5209656925031766, 0,5438373570520966, 0,531130876747141, 0,5222363405336722, 0,5260482846251588, 0,5260482846251588, 0,5412960609911055, 0,5362134688691232, 0,5235069885641678, 0,5412960609911055, 0,5336721728081322, 0,5374841168996188, 0,5235069885641678, 0,531130876747141, 0,5336721728081322, 0,5285895806861499, 0,5412960609911055, 0,5324015247776366, 0,5438373570520966, 0,5336721728081322, 0,5235069885641678, 0,5336721728081322, 0,5235069885641678, 0,531130876747141, 0,5196950444726811, 0,5235069885641678, 0,5196950444726811]
            Calculating correlation with: [Jaccard] Jaccard Coefficient External Evaluation
                Spearman correlation: 0,5653639487204283
                Pearson correlation: 0,5165412608497391
        For distance: Adjacency Relation Distance Calculator
            With values: [0,05967184148607859, 0,06064419454469706, 0,05911057001807032, 0,06550326357619231, 0,05985096747531874, 0,04588482666866159, 0,06304344991646706, 0,06278997986525722, 0,06497854907419279, 0,04525245411667589, 0,06211621545504388, 0,06362544602876656, 0,06109878361744501, 0,062277290822569636, 0,05976086878633179, 0,06220706809990841, 0,06301958252802481, 0,06207375888722547, 0,06224272764844272, 0,058545202174693535, 0,0621701891984772, 0,058512439222587254, 0,06163020647255824, 0,06184291380407049, 0,062469284415338534, 0,06181662006995603, 0,061319710520969475, 0,06257299542088306, 0,06275626854788498, 0,06360104159162792]
            Calculating correlation with: [Jaccard] Jaccard Coefficient External Evaluation
                Spearman correlation: -0,7103448275862067
                Pearson correlation: -0,7073174372473237
        For distance: Pearson Correlation Distance Calculator
            With values: [0,4639048187555639, 0,47246088695980726, 0,47168915683151447, 0,4815062170967285, 0,46369926997210253, 0,4748028225002215, 0,47504399493396154, 0,47747617327723396, 0,4737422972291272, 0,4652858475047661, 0,4751951740283518, 0,480462546410943, 0,4703415796401594, 0,47641725878751817, 0,469318750432638, 0,4803064757378235, 0,4707783131069317, 0,47266120037314263, 0,47922484082568584, 0,47112546384391546, 0,4726866872430409, 0,46604414229897095, 0,47260957230201533, 0,4774201539191445, 0,46917340963838905, 0,480336602710399, 0,47553722083721983, 0,48036008140282693, 0,48178534374811605, 0,48266867453714174]
            Calculating correlation with: [Jaccard] Jaccard Coefficient External Evaluation
                Spearman correlation: -0,38464961067853176
                Pearson correlation: -0,3588210381317298
    For criteria : Davies Bouldin Criteria Calculator
        For distance: Neighbour Overlap Distance Calculator
            With values: [1,560731439343573, 1,586881037936834, 1,5806272859168222, 1,5792669772081689, 1,5683008070319615, 1,563392413027894, 1,5581375367936403, 1,5853107479253148, 1,5694357925739126, 1,5685237675460948, 1,5760572373646622, 1,5815622371329403, 1,6022806072833582, 1,5805553239667716, 1,5545398274047681, 1,5719099008034119, 1,5588894045574222, 1,5869429679340155, 1,5924964459504132, 1,5833280404420662, 1,5763295294439197, 1,5789492784419985, 1,5706961804364346, 1,568685794404947, 1,5782804332413753, 1,5872754825442164, 1,575600481270974, 1,6160456610615284, 1,5882926036538099, 1,5802211676387685]
            Calculating correlation with: [Jaccard] Jaccard Coefficient External Evaluation
                Spearman correlation: -0,006451612903222872
                Pearson correlation: 0,03755080995099725
        For distance: Edge Path Distance Calculator
            With values: [Infinity, Infinity, Infinity, Infinity, Infinity, Infinity, Infinity, Infinity, Infinity, Infinity, Infinity, Infinity, Infinity, Infinity, Infinity, Infinity, Infinity, Infinity, Infinity, Infinity, Infinity, Infinity, Infinity, Infinity, Infinity, Infinity, Infinity, Infinity, Infinity, Infinity]
            Calculating correlation with: [Jaccard] Jaccard Coefficient External Evaluation
                Spearman correlation: NaN
                Pearson correlation: NaN
        For distance: Adjacency Relation Distance Calculator
            With values: [1,3779022425771574, 1,3981790667554455, 1,4014099714202572, 1,416062343416871, 1,4007361289783733, 1,417249871846032, 1,4007453363435183, 2,054418301662851, 1,3998945388335193, 1,39877508447264, 1,388347651627949, 1,399921504553895, 1,3768948995518362, 1,4130236448921403, 1,3965217105247605, 1,4266471221971193, 1,408220005194072, 2,1020567361093745, 1,4044509698082899, 2,1107175275562016, 1,3998728059267873, 1,4018515923460007, 2,1332958127435933, 1,3900395306718196, 1,4094727454041511, 1,4081183471981213, 1,4158214948813668, 1,4148745311677264, 1,4105581309669082, 1,4266137498566709]
            Calculating correlation with: [Jaccard] Jaccard Coefficient External Evaluation
                Spearman correlation: -0,16173526140155722
                Pearson correlation: -0,0835217602375201
        For distance: Pearson Correlation Distance Calculator
            With values: [1,4662087903087493, 1,4617297168140169, 1,4786480734400036, 1,4730389305528404, 1,4448882107900112, 1,4325438183688963, 1,5059629861760035, 1,472155609346752, 1,5349355135006368, 1,428955568893381, 1,4655120447966659, 1,4617484195177908, 1,5465762705894008, 1,4783093631387665, 1,4568003094134871, 1,436589226728655, 1,4123943453218744, 1,4818615300816518, 1,503196434764557, 1,4789402711636257, 1,4694956346216008, 1,4651507855739254, 1,4238414607031926, 1,4293618833788622, 1,4352688256595685, 1,4838643529527666, 1,4274643558261262, 1,5147366928345876, 1,4882751990980307, 1,4627283651552878]
            Calculating correlation with: [Jaccard] Jaccard Coefficient External Evaluation
                Spearman correlation: -0,2978865406006676
                Pearson correlation: -0,4149630365428424
    For criteria : Silhouette Width Criteria 2 Calculator
        For distance: Neighbour Overlap Distance Calculator
            With values: [-0,025591661640070575, -0,024337899146201717, -0,024084228813463924, -0,026565264114525543, -0,02431929894287288, -0,022142116406286654, -0,02517814938636641, -0,023925239651082297, -0,027972939243189356, -0,02521044653635136, -0,02347036580406182, -0,026147941565010272, -0,02463784692730232, -0,024905431643697747, -0,02418214067211441, -0,023467281890550556, -0,024437355125626246, -0,02545311085306369, -0,023360456872819412, -0,02397975429227682, -0,023941165066392777, -0,02283061232948452, -0,02387576455086306, -0,02273227637920982, -0,024768786692760742, -0,024615721988315954, -0,022814814354978834, -0,024640422997336237, -0,023222174396979725, -0,024653494422918847]
            Calculating correlation with: [Jaccard] Jaccard Coefficient External Evaluation
                Spearman correlation: 0,33882091212458276
                Pearson correlation: 0,4202663371837684
        For distance: Edge Path Distance Calculator
            With values: [-0,6833333333333333, -0,6777777777777778, -0,6833333333333333, -0,6833333333333333, -0,6833333333333333, -0,6722222222222223, -0,6833333333333333, -0,6833333333333333, -0,7000000000000001, -0,6833333333333333, -0,6888888888888889, -0,6722222222222223, -0,6888888888888889, -0,6888888888888889, -0,6888888888888889, -0,6777777777777778, -0,6833333333333333, -0,6888888888888889, -0,6666666666666667, -0,6833333333333333, -0,6833333333333333, -0,6833333333333333, -0,6888888888888889, -0,6777777777777778, -0,6888888888888889, -0,6722222222222223, -0,6833333333333333, -0,6722222222222223, -0,6777777777777778, -0,6666666666666667]
            Calculating correlation with: [Jaccard] Jaccard Coefficient External Evaluation
                Spearman correlation: 0,22043400984241818
                Pearson correlation: 0,2928023473622345
        For distance: Adjacency Relation Distance Calculator
            With values: [-0,008028445490418668, -0,008569961152905975, -0,007531693867481638, -0,010490181009127438, -0,0066640625303310995, -0,005773186929706937, -0,00730295263004578, -0,009377056550470267, -0,007824286309604035, -0,005578178141166721, -0,009206559956064562, -0,011212343481318493, -0,007333554649088719, -0,009428977117052914, -0,007806614834419987, -0,009395442108691523, -0,008050751942902943, -0,008443788568917612, -0,00922375319804746, -0,007427237655086468, -0,008115620080085102, -0,006289687625487307, -0,008073188592937316, -0,008914835254135436, -0,007592942513863626, -0,009835907636624674, -0,008500657236121888, -0,008955119951557542, -0,00947287477956073, -0,010326296223833853]
            Calculating correlation with: [Jaccard] Jaccard Coefficient External Evaluation
                Spearman correlation: 0,325027808676307
                Pearson correlation: 0,3438867264874994
        For distance: Pearson Correlation Distance Calculator
            With values: [-0,07022072090022038, -0,06953877734575285, -0,06858404233513261, -0,07188456478107087, -0,06880363550966379, -0,06631244076160482, -0,06950859165892562, -0,06785575894074157, -0,07386159296277964, -0,07023436571422453, -0,06694323892564938, -0,07126449383558987, -0,06893439865118065, -0,06997764799438345, -0,06868300918225002, -0,06698682480552993, -0,06917820883641075, -0,07095974110311679, -0,0675293074512361, -0,06825692865215663, -0,06850674889789508, -0,06619392367238133, -0,06861056001678417, -0,06621909235246083, -0,06934381089002377, -0,06879319563069569, -0,06708446523526182, -0,06899320169483347, -0,06672106678232798, -0,06892901514533059]
            Calculating correlation with: [Jaccard] Jaccard Coefficient External Evaluation
                Spearman correlation: 0,3228031145717463
                Pearson correlation: 0,36762037756343097
    For criteria : Variance Ratio Criteria Calculator
        For distance: Neighbour Overlap Distance Calculator
            With values: [20,284522882012574, 20,6668554624796, 19,761448876457205, 19,76308229753277, 20,398382207007383, 19,738626068555867, 20,233961561587986, 19,919979824009257, 20,384004775659008, 19,75673468690599, 19,962039938950806, 20,09148069886207, 20,360238709111865, 19,818693573783353, 20,238000275725074, 20,035092729521615, 20,296116642042364, 20,248299412150722, 20,19080384274318, 20,2864281905367, 20,157625482559034, 20,36862892936313, 19,75331578729749, 20,237352847096428, 19,900542515889413, 20,135409440645123, 19,761611939176962, 19,951908384832844, 20,17922586006745, 19,799063348539576]
            Calculating correlation with: [Jaccard] Jaccard Coefficient External Evaluation
                Spearman correlation: -0,04605116796440387
                Pearson correlation: -0,14415032569965847
        For distance: Edge Path Distance Calculator
            With values: [5,721618493304232E-307, 4,711921112132897E-307, 5,006416181641203E-307, 5,721618493304232E-307, 4,577294794643386E-307, 4,450147717014403E-307, 3,814412328869488E-307, 5,006416181641203E-307, 4,2159294161189076E-307, 4,2159294161189076E-307, 4,0051329453129625E-307, 5,1679134778231776E-307, 5,1679134778231776E-307, 4,329873454392392E-307, 4,577294794643386E-307, 5,721618493304232E-307, 4,711921112132897E-307, 3,5601181736115222E-307, 5,340177260417283E-307, 5,006416181641203E-307, 5,933530289352537E-307, 3,482724300272141E-307, 4,329873454392392E-307, 8,900295434028806E-307, 4,854706600379348E-307, 4,450147717014403E-307, 5,933530289352537E-307, 5,340177260417283E-307, 8,900295434028806E-307, 5,721618493304232E-307]
            Calculating correlation with: [Jaccard] Jaccard Coefficient External Evaluation
                Spearman correlation: -0,051299376958012656
                Pearson correlation: NaN
        For distance: Adjacency Relation Distance Calculator
            With values: [16,82909523232063, 16,82020772739017, 16,94873898800292, 16,761008234997853, 16,70771817711087, 16,984192480603213, 16,70632752859045, 15,820466728148983, 16,686937709806738, 16,866260305362896, 16,890598250029466, 16,835482803222167, 16,902099344523293, 16,879939123216868, 16,900367231802363, 16,909738935481478, 16,89753643638798, 15,796629593524212, 16,88141693673557, 15,899364772552577, 16,851696148242453, 16,73590984967055, 15,85223250180414, 16,940266485792268, 16,774085811959786, 16,85167341699361, 17,00270357003782, 16,76542277473295, 16,76275612122708, 16,838512724310213]
            Calculating correlation with: [Jaccard] Jaccard Coefficient External Evaluation
                Spearman correlation: 0,24004449388209104
                Pearson correlation: 0,14976553962652517
        For distance: Pearson Correlation Distance Calculator
            With values: [23,898123844217263, 23,683211130895096, 23,81315739036242, 23,395195177245782, 23,689681840948047, 23,599044939711458, 23,654571902940564, 23,629969846574383, 23,62828002060916, 23,014370946071914, 23,39177794914509, 23,65457297428871, 23,903879274691505, 23,506610053155363, 23,77092023861329, 23,753149261497878, 23,8120721232622, 23,788786263183173, 23,827066003851822, 23,73871162182748, 23,59064709437846, 23,820348992204252, 23,78115586689853, 23,82634024559851, 22,977054884449917, 23,56318714641134, 23,805996029902712, 23,70282525014545, 23,61573249111261, 23,440641162888724]
            Calculating correlation with: [Jaccard] Jaccard Coefficient External Evaluation
                Spearman correlation: -0,022914349276973278
                Pearson correlation: -0,26382193379387187
    For criteria : PBM Criteria Calculator
        For distance: Neighbour Overlap Distance Calculator
            With values: [6,946596719824365E-4, 6,936034742554704E-4, 6,944694595516196E-4, 6,896343876837721E-4, 6,953338333735598E-4, 6,923364744508274E-4, 6,903523433255054E-4, 6,906830575467682E-4, 6,906198764466628E-4, 6,962661441889705E-4, 6,923103937777382E-4, 6,905829798203079E-4, 6,932422045952847E-4, 6,912205696019022E-4, 6,927185352892144E-4, 6,906343233875694E-4, 6,927796717317196E-4, 6,920114223188292E-4, 6,919109570916373E-4, 6,93928090394824E-4, 6,921417121073963E-4, 6,945994106698146E-4, 6,926962220520051E-4, 6,917951408479181E-4, 6,938889025027321E-4, 6,908494590119653E-4, 6,928012387843125E-4, 6,901421180922926E-4, 6,90773978090151E-4, 6,905359222802258E-4]
            Calculating correlation with: [Jaccard] Jaccard Coefficient External Evaluation
                Spearman correlation: 0,6876529477196882
                Pearson correlation: 0,6671093647721685
        For distance: Edge Path Distance Calculator
            With values: [0,0032467532467532465, 0,00267379679144385, 0,002840909090909091, 0,0032467532467532465, 0,0025974025974025974, 0,002525252525252525, 0,0021645021645021645, 0,002840909090909091, 0,0023923444976076554, 0,0023923444976076554, 0,002272727272727273, 0,002932551319648094, 0,002932551319648094, 0,0024570024570024574, 0,0025974025974025974, 0,0032467532467532465, 0,00267379679144385, 0,00202020202020202, 0,0030303030303030303, 0,002840909090909091, 0,003367003367003367, 0,001976284584980237, 0,0024570024570024574, 0,00505050505050505, 0,0027548209366391185, 0,002525252525252525, 0,003367003367003367, 0,0030303030303030303, 0,00505050505050505, 0,0032467532467532465]
            Calculating correlation with: [Jaccard] Jaccard Coefficient External Evaluation
                Spearman correlation: -0,051299376958012656
                Pearson correlation: 0,01296113407822366
        For distance: Adjacency Relation Distance Calculator
            With values: [9,693466643940351E-4, 9,644613455769184E-4, 9,68611854850275E-4, 9,616392274793256E-4, 9,679017916703739E-4, 9,69249123324182E-4, 9,67821229430801E-4, 9,642987412142916E-4, 9,698263637117648E-4, 9,73232976719653E-4, 9,652891411020311E-4, 9,615689111173411E-4, 9,697341310594658E-4, 9,635368224484766E-4, 9,690576469270063E-4, 9,612510278665154E-4, 9,698098708874694E-4, 9,71555201717292E-4, 9,641924672851004E-4, 9,691077829581288E-4, 9,662668740957984E-4, 9,688242272670732E-4, 9,700208578566965E-4, 9,629863970065391E-4, 9,673348488518282E-4, 9,619233658737924E-4, 9,659657202355419E-4, 9,618925054755544E-4, 9,616135182444705E-4, 9,611721302255585E-4]
            Calculating correlation with: [Jaccard] Jaccard Coefficient External Evaluation
                Spearman correlation: 0,06384872080089002
                Pearson correlation: 0,11343429724894877
        For distance: Pearson Correlation Distance Calculator
            With values: [8,063685500549037E-4, 8,033831493809995E-4, 8,056928866458749E-4, 7,95278847481178E-4, 8,056420997008029E-4, 8,004749145547797E-4, 7,964434168236605E-4, 7,987504338029964E-4, 7,974228604267111E-4, 8,081613316866659E-4, 8,009844023907054E-4, 7,981654220837197E-4, 8,033649076770284E-4, 7,987559393530435E-4, 8,020404474869208E-4, 7,986434739660781E-4, 8,025820120572158E-4, 8,009141476859521E-4, 8,005459280228287E-4, 8,039362539727934E-4, 8,001824213480438E-4, 8,057017849975905E-4, 8,009628354614075E-4, 8,021284494973434E-4, 8,036821704364079E-4, 7,983976419503415E-4, 8,021911503276863E-4, 7,965292891187564E-4, 7,983105940234911E-4, 7,975978373335937E-4]
            Calculating correlation with: [Jaccard] Jaccard Coefficient External Evaluation
                Spearman correlation: 0,6809788654060065
                Pearson correlation: 0,6593096512699613
    For criteria : Dunn Index Criteria Calculator
        For distance: Neighbour Overlap Distance Calculator
            With values: [0,9565217391304348, 0,9565217391304348, 0,9565217391304348, 0,9565217391304348, 0,9565217391304348, 0,9565217391304348, 0,9565217391304348, 0,9565217391304348, 0,9565217391304348, 0,9565217391304348, 0,9565217391304348, 0,9565217391304348, 0,9565217391304348, 0,9565217391304348, 0,9565217391304348, 0,9565217391304348, 0,9565217391304348, 0,9565217391304348, 0,9565217391304348, 0,9565217391304348, 0,9565217391304348, 0,9565217391304348, 0,9565217391304348, 0,9565217391304348, 0,9565217391304348, 0,9565217391304348, 0,9565217391304348, 0,9565217391304348, 0,9565217391304348, 0,9230769230769231]
            Calculating correlation with: [Jaccard] Jaccard Coefficient External Evaluation
                Spearman correlation: 0,053635432486057386
                Pearson correlation: 0,0044363671141226186
        For distance: Edge Path Distance Calculator
            With values: [5,562684646268003E-309, 5,562684646268003E-309, 5,562684646268003E-309, 5,562684646268003E-309, 5,562684646268003E-309, 5,562684646268003E-309, 5,562684646268003E-309, 5,562684646268003E-309, 5,562684646268003E-309, 5,562684646268003E-309, 5,562684646268003E-309, 5,562684646268003E-309, 5,562684646268003E-309, 5,562684646268003E-309, 5,562684646268003E-309, 5,562684646268003E-309, 5,562684646268003E-309, 5,562684646268003E-309, 5,562684646268003E-309, 5,562684646268003E-309, 5,562684646268003E-309, 5,562684646268003E-309, 5,562684646268003E-309, 5,562684646268003E-309, 5,562684646268003E-309, 5,562684646268003E-309, 5,562684646268003E-309, 5,562684646268003E-309, 5,562684646268003E-309, 5,562684646268003E-309]
            Calculating correlation with: [Jaccard] Jaccard Coefficient External Evaluation
                Spearman correlation: NaN
                Pearson correlation: NaN
        For distance: Adjacency Relation Distance Calculator
            With values: [0,9026709338484401, 0,9026709338484401, 0,9026709338484401, 0,9026709338484401, 0,9026709338484401, 0,9026709338484401, 0,9026709338484401, 0,9026709338484401, 0,9198662110078, 0,9026709338484401, 0,9026709338484401, 0,9026709338484401, 0,9026709338484401, 0,9026709338484401, 0,9026709338484401, 0,9026709338484401, 0,9026709338484401, 0,9198662110078, 0,9026709338484401, 0,9198662110078, 0,9026709338484401, 0,9026709338484401, 0,9026709338484401, 0,9026709338484401, 0,9026709338484401, 0,9026709338484401, 0,9026709338484401, 0,9026709338484401, 0,8819171036881968, 0,8819171036881968]
            Calculating correlation with: [Jaccard] Jaccard Coefficient External Evaluation
                Spearman correlation: -0,1115032717849191
                Pearson correlation: -0,1814670219733758
        For distance: Pearson Correlation Distance Calculator
            With values: [0,9085285868710012, 0,9085285868710014, 0,9085285868710011, 0,9085285868710007, 0,9085285868710015, 0,9085285868710011, 0,9085285868710014, 0,9085285868710015, 0,911210317460317, 0,9085285868710017, 0,9085285868710011, 0,9085285868710016, 0,9085285868710011, 0,908528586871001, 0,9085285868710015, 0,9085285868710007, 0,9085285868710009, 0,9112103174603173, 0,9085285868710009, 0,9112103174603172, 0,9085285868710014, 0,9085285868710014, 0,9085285868710008, 0,9085285868710011, 0,9085285868710011, 0,9085285868710014, 0,9085285868710007, 0,9085285868710011, 0,9085285868710012, 0,8348447153599391]
            Calculating correlation with: [Jaccard] Jaccard Coefficient External Evaluation
                Spearman correlation: 0,099061224501806
                Pearson correlation: -0,01189525310272983
    For criteria : Z-Statistics Criteria Calculator
        For distance: Neighbour Overlap Distance Calculator
            With values: [3108,5830264782235, 3038,2533208928603, 2965,706458661286, 3052,168781198868, 3165,5083518983874, 3038,0080269399164, 3173,088566246141, 2981,799475720427, 3180,1630284723906, 3107,44894867644, 2980,5106229190483, 2983,6620033525746, 3034,6101448771606, 2984,252077953236, 3035,893026826939, 2974,9351210946907, 3113,1763000679216, 3046,491263340301, 2973,51698509593, 2967,256168158114, 3041,859352096135, 3095,9339546523006, 3047,0015155809783, 2973,000844277513, 3109,1209623578607, 2969,427888421507, 2975,585636951627, 3040,967302106085, 2973,3563217408923, 2979,145415308747]
            Calculating correlation with: [Jaccard] Jaccard Coefficient External Evaluation
                Spearman correlation: -0,21245828698553929
                Pearson correlation: -0,196238636914152
        For distance: Edge Path Distance Calculator
            With values: [148,28280372952355, 145,4533542109256, 147,2217601600493, 141,91654231267813, 148,28280372952355, 144,74599183127611, 142,2702235025029, 143,33126707197712, 143,33126707197712, 147,57544134987407, 146,16071659057508, 142,62390469232764, 147,57544134987407, 145,4533542109256, 146,51439778039983, 142,62390469232764, 144,74599183127611, 145,4533542109256, 144,0386294516266, 147,57544134987407, 145,09967302110084, 148,28280372952355, 145,4533542109256, 142,62390469232764, 145,4533542109256, 142,62390469232764, 144,74599183127611, 141,5628611228534, 142,62390469232764, 141,5628611228534]
            Calculating correlation with: [Jaccard] Jaccard Coefficient External Evaluation
                Spearman correlation: 0,5653639487204283
                Pearson correlation: 0,5165412608497422
        For distance: Adjacency Relation Distance Calculator
            With values: [1371,9301472275047, 1326,6028929202687, 1279,6316234039607, 1339,9946309386817, 1408,610270531638, 1302,26841459723, 1413,8166098894396, 1292,8907083837776, 1421,8799077445012, 1347,9028883120739, 1292,4962234217796, 1294,892641819843, 1325,9307072384768, 1294,777603835123, 1324,4883975183952, 1287,2389873094755, 1378,0474921739597, 1333,7949513116857, 1287,2955312281954, 1280,0841359586911, 1331,1480235114495, 1361,6603850053552, 1333,7840604779176, 1285,986474744405, 1375,0555864385828, 1283,2444669686206, 1288,531720016716, 1328,2910296785303, 1286,7591590813927, 1291,476056342008]
            Calculating correlation with: [Jaccard] Jaccard Coefficient External Evaluation
                Spearman correlation: -0,2298109010011121
                Pearson correlation: -0,292660048483972
        For distance: Pearson Correlation Distance Calculator
            With values: [1840,1582933147301, 1799,3589473236573, 1754,7364651226362, 1809,8010856864714, 1875,3754148941764, 1799,9729572007873, 1881,7183335177494, 1765,3964745937756, 1885,7503638058795, 1840,2469173979368, 1764,8229150453585, 1767,7182757834032, 1796,8281186078107, 1767,535263667344, 1796,9428391886736, 1762,189193676992, 1844,6616363265823, 1804,229583875876, 1761,5951169823404, 1755,7868024765867, 1801,523702453567, 1833,192762278155, 1804,881024619101, 1759,9236581614239, 1841,7294007220246, 1758,803673945494, 1762,2903304729493, 1802,3630985646328, 1761,6404609134227, 1765,5282304792895]
            Calculating correlation with: [Jaccard] Jaccard Coefficient External Evaluation
                Spearman correlation: -0,2200222469410455
                Pearson correlation: -0,20681670374910727
    For criteria : Point Biserial Criteria Calculator
        For distance: Neighbour Overlap Distance Calculator
            With values: [-2763,4058696627744, -2777,1263918409595, -2791,589585662613, -2772,7166634307105, -2750,810637904322, -2776,911182758812, -2746,8737737044225, -2787,2770096534164, -2745,431966207839, -2763,6620563058405, -2788,2829298222105, -2786,6799215687493, -2778,309646226669, -2787,429579005654, -2777,9939870590206, -2788,309732848673, -2761,3636196860284, -2775,2871648857786, -2789,030368038055, -2791,5073952557977, -2776,301036045828, -2765,9690815610725, -2775,3650366041934, -2788,9408497708787, -2762,469863603146, -2789,346984566092, -2789,3845565710894, -2775,055409000282, -2788,4083439157216, -2787,223772280546]
            Calculating correlation with: [Jaccard] Jaccard Coefficient External Evaluation
                Spearman correlation: -0,23559510567297032
                Pearson correlation: -0,23799178730989515
        For distance: Edge Path Distance Calculator
            With values: [87,71195777917502, 66,82950930170054, 78,79858132577226, 41,65161660152298, 88,25057978526803, 61,77819080442189, 44,76478684759972, 51,35275270670784, 52,481424449759295, 82,61736503291966, 71,40182439379537, 46,34855267667418, 81,94060032170825, 66,41618390717709, 74,38598484614064, 46,301902553526396, 62,29561852946458, 66,88684098917717, 56,31312472726184, 81,32065856026061, 64,33129990178574, 87,58636773651662, 66,89502060244601, 46,296062740952294, 67,35690114728607, 46,27268446576906, 61,349645870959876, 39,07936323035316, 46,29022102660989, 38,80815481683126]
            Calculating correlation with: [Jaccard] Jaccard Coefficient External Evaluation
                Spearman correlation: 0,5430478309232482
                Pearson correlation: 0,5106478131327162
        For distance: Adjacency Relation Distance Calculator
            With values: [-3245,008585894218, -3251,434798798356, -3258,739803870793, -3244,98080446695, -3238,1759414125395, -3268,5359486555685, -3234,3777098135215, -3253,7875250049833, -3231,1225312357146, -3262,04186059792, -3254,4783477497763, -3252,7660566813684, -3251,1200227037, -3254,073812493394, -3252,556443738727, -3254,955318200009, -3240,9588312682567, -3249,0468965324385, -3254,914957052128, -3259,2399810235574, -3249,3607710783813, -3247,7980427347507, -3249,4520643059714, -3255,4387209012916, -3241,9697711556014, -3255,750826140854, -3255,67288305507, -3249,4228047651864, -3254,4765399392036, -3253,160536243464]
            Calculating correlation with: [Jaccard] Jaccard Coefficient External Evaluation
                Spearman correlation: -0,4825361512791991
                Pearson correlation: -0,6161806140486501
        For distance: Pearson Correlation Distance Calculator
            With values: [-2796,3113836453613, -2807,960088610454, -2822,4361465725133, -2801,9498668491574, -2783,535689618244, -2807,100819339109, -2778,1419136807963, -2817,47421016154, -2776,9712635065175, -2795,903426618778, -2818,3060190611795, -2815,8946015009765, -2809,39203847864, -2817,108011608558, -2809,640820610325, -2817,660677464288, -2792,837787467665, -2806,2821579505658, -2818,154959598719, -2822,2753654595963, -2807,177641418229, -2798,1861365659784, -2806,078665467626, -2819,19002809833, -2794,317609723723, -2818,697670735534, -2818,9968372341286, -2804,752902284127, -2817,4062486509006, -2815,9469260215956]
            Calculating correlation with: [Jaccard] Jaccard Coefficient External Evaluation
                Spearman correlation: -0,2204671857619577
                Pearson correlation: -0,26811717368226495