########### DATASET ###########
########### Zahary Karate Dataset - Weightened Undirected, ############
External evaluation: [Jaccard] Jaccard Coefficient External Evaluation
With values: [0,8865979381443299, 0,6396396396396397, 0,7901639344262295, 0,7901639344262295, 0,8858131487889274, 0,8865979381443299, 0,7102803738317757, 0,7084639498432602, 0,7084639498432602, 0,7102803738317757, 0,6396396396396397, 0,7901639344262295, 0,8865979381443299, 0,7901639344262295, 0,7901639344262295, 0,7102803738317757, 0,7901639344262295, 0,7901639344262295, 0,7901639344262295, 0,8858131487889274, 0,8865979381443299, 0,8865979381443299, 0,6396396396396397, 0,7084639498432602, 0,7084639498432602, 0,7901639344262295, 0,7928802588996764, 0,8865979381443299, 0,6396396396396397, 0,8858131487889274]
With average: 0,7801546074465141

    For criteria : Modularity Q Criteria Calculator
        For distance: Neighbour Overlap Distance Calculator
            With values: [0,20892599464028028, 0,11195910871235551, 0,2009051554506099, 0,20404883716572017, 0,21904574501977092, 0,14117988793313463, 0,1218024399842582, 0,1867328198497029, 0,1867328198497029, 0,1218024399842582, 0,11195910871235551, 0,19516594516594507, 0,20892599464028028, 0,1309242705346601, 0,2009051554506099, 0,1218024399842582, 0,19516594516594507, 0,1309242705346601, 0,20404883716572017, 0,21278180693765106, 0,14117988793313463, 0,20892599464028028, 0,11195910871235551, 0,1867328198497029, 0,1867328198497029, 0,2009051554506099, 0,12824909578156332, 0,14117988793313463, 0,11195910871235551, 0,21904574501977092]
            Calculating correlation with: [Jaccard] Jaccard Coefficient External Evaluation
                Spearman correlation: 0,6208194454053505
                Pearson correlation: 0,5667157833890997
        For distance: Edge Path Distance Calculator
            With values: [0,20892599464028028, 0,11195910871235551, 0,2009051554506099, 0,20404883716572017, 0,21904574501977092, 0,14117988793313463, 0,1218024399842582, 0,1867328198497029, 0,1867328198497029, 0,1218024399842582, 0,11195910871235551, 0,19516594516594507, 0,20892599464028028, 0,1309242705346601, 0,2009051554506099, 0,1218024399842582, 0,19516594516594507, 0,1309242705346601, 0,20404883716572017, 0,21278180693765106, 0,14117988793313463, 0,20892599464028028, 0,11195910871235551, 0,1867328198497029, 0,1867328198497029, 0,2009051554506099, 0,12824909578156332, 0,14117988793313463, 0,11195910871235551, 0,21904574501977092]
            Calculating correlation with: [Jaccard] Jaccard Coefficient External Evaluation
                Spearman correlation: 0,6208194454053505
                Pearson correlation: 0,5667157833890997
        For distance: Adjacency Relation Distance Calculator
            With values: [0,20892599464028028, 0,11195910871235551, 0,2009051554506099, 0,20404883716572017, 0,21904574501977092, 0,14117988793313463, 0,1218024399842582, 0,1867328198497029, 0,1867328198497029, 0,1218024399842582, 0,11195910871235551, 0,19516594516594507, 0,20892599464028028, 0,1309242705346601, 0,2009051554506099, 0,1218024399842582, 0,19516594516594507, 0,1309242705346601, 0,20404883716572017, 0,21278180693765106, 0,14117988793313463, 0,20892599464028028, 0,11195910871235551, 0,1867328198497029, 0,1867328198497029, 0,2009051554506099, 0,12824909578156332, 0,14117988793313463, 0,11195910871235551, 0,21904574501977092]
            Calculating correlation with: [Jaccard] Jaccard Coefficient External Evaluation
                Spearman correlation: 0,6208194454053505
                Pearson correlation: 0,5667157833890997
        For distance: Pearson Correlation Distance Calculator
            With values: [0,20892599464028028, 0,11195910871235551, 0,2009051554506099, 0,20404883716572017, 0,21904574501977092, 0,14117988793313463, 0,1218024399842582, 0,1867328198497029, 0,1867328198497029, 0,1218024399842582, 0,11195910871235551, 0,19516594516594507, 0,20892599464028028, 0,1309242705346601, 0,2009051554506099, 0,1218024399842582, 0,19516594516594507, 0,1309242705346601, 0,20404883716572017, 0,21278180693765106, 0,14117988793313463, 0,20892599464028028, 0,11195910871235551, 0,1867328198497029, 0,1867328198497029, 0,2009051554506099, 0,12824909578156332, 0,14117988793313463, 0,11195910871235551, 0,21904574501977092]
            Calculating correlation with: [Jaccard] Jaccard Coefficient External Evaluation
                Spearman correlation: 0,6208194454053505
                Pearson correlation: 0,5667157833890997
    For criteria : C Index Criteria Calculator
        For distance: Neighbour Overlap Distance Calculator
            With values: [0,14924506190712242, 0,2785212285306524, 0,21334273040467192, 0,20832684518918873, 0,16913290688517665, 0,13586693769248218, 0,24130906457626922, 0,25010154396324985, 0,25010154396324985, 0,24130906457626922, 0,2785212285306524, 0,19628942125099275, 0,14924506190712242, 0,18576329579808257, 0,21334273040467192, 0,24130906457626922, 0,19628942125099275, 0,18576329579808257, 0,20832684518918873, 0,15207693204563896, 0,13586693769248218, 0,14924506190712242, 0,2785212285306524, 0,25010154396324985, 0,25010154396324985, 0,21334273040467192, 0,17950327876072808, 0,13586693769248218, 0,2785212285306524, 0,16913290688517665]
            Calculating correlation with: [Jaccard] Jaccard Coefficient External Evaluation
                Spearman correlation: -0,9838197164968291
                Pearson correlation: -0,9769111915050787
        For distance: Edge Path Distance Calculator
            With values: [0,7887070130650256, 0,6063222706112036, 0,7466586574560753, 0,7676828352605506, 0,7834509686139068, 0,6693948040246289, 0,6220904039645598, 0,7308905241027189, 0,7308905241027189, 0,6220904039645598, 0,6063222706112036, 0,7729388797116692, 0,7887070130650256, 0,6536266706712727, 0,7466586574560753, 0,6220904039645598, 0,7729388797116692, 0,6536266706712727, 0,7676828352605506, 0,8097311908695008, 0,6693948040246289, 0,7887070130650256, 0,6063222706112036, 0,7308905241027189, 0,7308905241027189, 0,7466586574560753, 0,6641387595735102, 0,6693948040246289, 0,6063222706112036, 0,7834509686139068]
            Calculating correlation with: [Jaccard] Jaccard Coefficient External Evaluation
                Spearman correlation: 0,6377031789444891
                Pearson correlation: 0,6375699864189056
        For distance: Adjacency Relation Distance Calculator
            With values: [0,36067178525375476, 0,41962235378181834, 0,37874104641014916, 0,3719502779240095, 0,3616674964386926, 0,3832960178161679, 0,4131523491257586, 0,38992913581656985, 0,38992913581656985, 0,4131523491257586, 0,41962235378181834, 0,3772169355105088, 0,36067178525375476, 0,39421510206386656, 0,37874104641014916, 0,4131523491257586, 0,3772169355105088, 0,39421510206386656, 0,3719502779240095, 0,3624351594524278, 0,3832960178161679, 0,36067178525375476, 0,41962235378181834, 0,38992913581656985, 0,38992913581656985, 0,37874104641014916, 0,40022159836425997, 0,3832960178161679, 0,41962235378181834, 0,3616674964386926]
            Calculating correlation with: [Jaccard] Jaccard Coefficient External Evaluation
                Spearman correlation: -0,7542922037890809
                Pearson correlation: -0,8547901849928602
        For distance: Pearson Correlation Distance Calculator
            With values: [0,1405591596956754, 0,2734919213985313, 0,20025062460845391, 0,1978762697916718, 0,1617635132000436, 0,14655261406670522, 0,23991003630186933, 0,23414200226922335, 0,23414200226922335, 0,23991003630186933, 0,2734919213985313, 0,18439729558169865, 0,1405591596956754, 0,1922775395038917, 0,20025062460845391, 0,23991003630186933, 0,18439729558169865, 0,1922775395038917, 0,1978762697916718, 0,14657256071312763, 0,14655261406670522, 0,1405591596956754, 0,2734919213985313, 0,23414200226922335, 0,23414200226922335, 0,20025062460845391, 0,18346701817755817, 0,14655261406670522, 0,2734919213985313, 0,1617635132000436]
            Calculating correlation with: [Jaccard] Jaccard Coefficient External Evaluation
                Spearman correlation: -0,9646543973442936
                Pearson correlation: -0,9903428132622886
    For criteria : Davies Bouldin Criteria Calculator
        For distance: Neighbour Overlap Distance Calculator
            With values: [1,3539442141813371, 1,4131258685486627, 1,3878237143573897, 1,394726701977519, 1,377841365990155, 1,3482266259454754, 1,393167744039777, 1,642216546093098, 1,642216546093098, 1,393167744039777, 1,4131258685486627, 1,3740306486248524, 1,3539442141813371, 1,3647368432201659, 1,3878237143573897, 1,393167744039777, 1,3740306486248524, 1,3647368432201659, 1,394726701977519, 1,360203212474914, 1,3482266259454754, 1,3539442141813371, 1,4131258685486627, 1,642216546093098, 1,642216546093098, 1,3878237143573897, 1,3569587944464634, 1,3482266259454754, 1,4131258685486627, 1,377841365990155]
            Calculating correlation with: [Jaccard] Jaccard Coefficient External Evaluation
                Spearman correlation: -0,909896342622763
                Pearson correlation: -0,5029345370616812
        For distance: Edge Path Distance Calculator
            With values: [3,994873633027368E306, 4,9935920412842106E306, 2,0, 5,617791046444737E306, 5,287332749595047E306, 4,73077140753241E306, 4,73077140753241E306, 2,0, 2,0, 4,73077140753241E306, 4,9935920412842106E306, 3,745194030963158E306, 3,994873633027368E306, 4,9935920412842106E306, 2,0, 4,73077140753241E306, 3,745194030963158E306, 4,9935920412842106E306, 5,617791046444737E306, 8,812221249325078E306, 4,73077140753241E306, 3,994873633027368E306, 4,9935920412842106E306, 2,0, 2,0, 2,0, 4,49423283715579E306, 4,73077140753241E306, 4,9935920412842106E306, 5,287332749595047E306]
            Calculating correlation with: [Jaccard] Jaccard Coefficient External Evaluation
                Spearman correlation: 0,07528370407386546
                Pearson correlation: NaN
        For distance: Adjacency Relation Distance Calculator
            With values: [2,262088167833931, 2,4936303818071592, 2,4626212678307877, 2,471983462148715, 2,4427156483307084, 2,41834286033912, 2,4563593860392117, 2,490859605587988, 2,490859605587988, 2,4563593860392117, 2,4936303818071592, 2,2832946265528107, 2,262088167833931, 2,45260042232785, 2,4626212678307877, 2,4563593860392117, 2,2832946265528107, 2,45260042232785, 2,471983462148715, 2,446573976399214, 2,41834286033912, 2,262088167833931, 2,4936303818071592, 2,490859605587988, 2,490859605587988, 2,4626212678307877, 2,4320351989753513, 2,41834286033912, 2,4936303818071592, 2,4427156483307084]
            Calculating correlation with: [Jaccard] Jaccard Coefficient External Evaluation
                Spearman correlation: -0,884798900875395
                Pearson correlation: -0,5859090902953785
        For distance: Pearson Correlation Distance Calculator
            With values: [0,9216616282307662, 1,013955618802753, 0,969136275956209, 0,975575806335647, 0,9445274225333661, 0,9080762752626259, 0,9757065804560537, 1,002998686973103, 1,002998686973103, 0,9757065804560537, 1,013955618802753, 0,9581436261657921, 0,9216616282307662, 0,9461174021351242, 0,969136275956209, 0,9757065804560537, 0,9581436261657921, 0,9461174021351242, 0,975575806335647, 0,9338810083914698, 0,9080762752626259, 0,9216616282307662, 1,013955618802753, 1,002998686973103, 1,002998686973103, 0,969136275956209, 0,9228419315455999, 0,9080762752626259, 1,013955618802753, 0,9445274225333661]
            Calculating correlation with: [Jaccard] Jaccard Coefficient External Evaluation
                Spearman correlation: -0,9810818137607525
                Pearson correlation: -0,9217700360930335
    For criteria : Silhouette Width Criteria 2 Calculator
        For distance: Neighbour Overlap Distance Calculator
            With values: [-0,21067529997226633, -0,14867333395368698, -0,1621095510628388, -0,17541370068332493, -0,19270073809644184, -0,21272599259060382, -0,20117644828591963, -0,16471923467632524, -0,16471923467632524, -0,20117644828591963, -0,14867333395368698, -0,1695344403808375, -0,21067529997226633, -0,17160601451592075, -0,1621095510628388, -0,20117644828591963, -0,1695344403808375, -0,17160601451592075, -0,17541370068332493, -0,1971486222057596, -0,21272599259060382, -0,21067529997226633, -0,14867333395368698, -0,16471923467632524, -0,16471923467632524, -0,1621095510628388, -0,23704821760899505, -0,21272599259060382, -0,14867333395368698, -0,19270073809644184]
            Calculating correlation with: [Jaccard] Jaccard Coefficient External Evaluation
                Spearman correlation: -0,7839528167632432
                Pearson correlation: -0,6855709796342138
        For distance: Edge Path Distance Calculator
            With values: [-0,045605093263229424, -0,17523500300503342, -0,0716396343526273, -0,06193924438845748, -0,035081134850454346, -0,11046937831393902, -0,16418454859257675, -0,0951589584350176, -0,0951589584350176, -0,16418454859257675, -0,17523500300503342, -0,06930066112892921, -0,045605093263229424, -0,12292699646908571, -0,0716396343526273, -0,16418454859257675, -0,06930066112892921, -0,12292699646908571, -0,06193924438845748, -0,033183601643623224, -0,11046937831393902, -0,045605093263229424, -0,17523500300503342, -0,0951589584350176, -0,0951589584350176, -0,0716396343526273, -0,14301627547570753, -0,11046937831393902, -0,17523500300503342, -0,035081134850454346]
            Calculating correlation with: [Jaccard] Jaccard Coefficient External Evaluation
                Spearman correlation: 0,6208194454053506
                Pearson correlation: 0,7484517876887853
        For distance: Adjacency Relation Distance Calculator
            With values: [-0,21026419065853394, -0,17258308511615986, -0,16902271638650715, -0,17954716270775, -0,19648964854886825, -0,22416182902895193, -0,21801339143974258, -0,1694729496911089, -0,1694729496911089, -0,21801339143974258, -0,17258308511615986, -0,16789776931791714, -0,21026419065853394, -0,17861904451223887, -0,16902271638650715, -0,21801339143974258, -0,16789776931791714, -0,17861904451223887, -0,17954716270775, -0,19714563032265878, -0,22416182902895193, -0,21026419065853394, -0,17258308511615986, -0,1694729496911089, -0,1694729496911089, -0,16902271638650715, -0,24300437033843922, -0,22416182902895193, -0,17258308511615986, -0,19648964854886825]
            Calculating correlation with: [Jaccard] Jaccard Coefficient External Evaluation
                Spearman correlation: -0,5249928496426725
                Pearson correlation: -0,48823875944188516
        For distance: Pearson Correlation Distance Calculator
            With values: [-0,2887478853304897, -0,24206228838149718, -0,2917831543260974, -0,3106604874798925, -0,3447362003350525, -0,2860582769659349, -0,24335219441913658, -0,29863603503294744, -0,29863603503294744, -0,24335219441913658, -0,24206228838149718, -0,29990340466482124, -0,2887478853304897, -0,2968781725896258, -0,2917831543260974, -0,24335219441913658, -0,29990340466482124, -0,2968781725896258, -0,3106604874798925, -0,3526504358959704, -0,2860582769659349, -0,2887478853304897, -0,24206228838149718, -0,29863603503294744, -0,29863603503294744, -0,2917831543260974, -0,2677049680750273, -0,2860582769659349, -0,24206228838149718, -0,3447362003350525]
            Calculating correlation with: [Jaccard] Jaccard Coefficient External Evaluation
                Spearman correlation: -0,2806350304478431
                Pearson correlation: -0,6655058985253721
    For criteria : Variance Ratio Criteria Calculator
        For distance: Neighbour Overlap Distance Calculator
            With values: [30,803380472592735, 36,855275078588626, 28,20064780585213, 36,99401835630254, 37,66700648196127, 39,971521186814165, 37,5191274470361, 19,485858960640325, 19,485858960640325, 37,5191274470361, 36,855275078588626, 29,545582384507778, 30,803380472592735, 39,266023430560324, 28,20064780585213, 37,5191274470361, 29,545582384507778, 39,266023430560324, 36,99401835630254, 39,16369829649742, 39,971521186814165, 30,803380472592735, 36,855275078588626, 19,485858960640325, 19,485858960640325, 28,20064780585213, 39,81268049253218, 39,971521186814165, 36,855275078588626, 37,66700648196127]
            Calculating correlation with: [Jaccard] Jaccard Coefficient External Evaluation
                Spearman correlation: 0,4528947442593242
                Pearson correlation: 0,23493913813634845
        For distance: Edge Path Distance Calculator
            With values: [1,8156602685418763E-305, 1,2104401790279176E-305, 32,0, 1,2104401790279176E-305, 1,2104401790279176E-305, 1,2104401790279176E-305, 1,2104401790279176E-305, 32,0, 32,0, 1,2104401790279176E-305, 1,2104401790279176E-305, 1,8156602685418763E-305, 1,8156602685418763E-305, 1,2104401790279176E-305, 32,0, 1,2104401790279176E-305, 1,8156602685418763E-305, 1,2104401790279176E-305, 1,2104401790279176E-305, 7,262641074167506E-306, 1,2104401790279176E-305, 1,8156602685418763E-305, 1,2104401790279176E-305, 32,0, 32,0, 32,0, 1,2104401790279176E-305, 1,2104401790279176E-305, 1,2104401790279176E-305, 1,2104401790279176E-305]
            Calculating correlation with: [Jaccard] Jaccard Coefficient External Evaluation
                Spearman correlation: -0,12533011604036443
                Pearson correlation: -0,2380584103928786
        For distance: Adjacency Relation Distance Calculator
            With values: [14,719619686489564, 13,465979028803039, 13,69249205939453, 14,293146154898297, 14,131017849029305, 13,539226444313357, 13,297377404701642, 13,857890002803328, 13,857890002803328, 13,297377404701642, 13,465979028803039, 14,962810236660404, 14,719619686489564, 13,708252446422355, 13,69249205939453, 13,297377404701642, 14,962810236660404, 13,708252446422355, 14,293146154898297, 14,108732766571386, 13,539226444313357, 14,719619686489564, 13,465979028803039, 13,857890002803328, 13,857890002803328, 13,69249205939453, 13,1045099658793, 13,539226444313357, 13,465979028803039, 14,131017849029305]
            Calculating correlation with: [Jaccard] Jaccard Coefficient External Evaluation
                Spearman correlation: 0,3960832624857364
                Pearson correlation: 0,468179033336978
        For distance: Pearson Correlation Distance Calculator
            With values: [39,14891447298207, 36,30542151144888, 38,10567785628611, 39,22727564982405, 39,86705001454278, 39,59702538806689, 36,81613290722263, 37,54294246175288, 37,54294246175288, 36,81613290722263, 36,30542151144888, 38,52967829315289, 39,14891447298207, 38,95712787649354, 38,10567785628611, 36,81613290722263, 38,52967829315289, 38,95712787649354, 39,22727564982405, 40,32154166953594, 39,59702538806689, 39,14891447298207, 36,30542151144888, 37,54294246175288, 37,54294246175288, 38,10567785628611, 37,775720357220074, 39,59702538806689, 36,30542151144888, 39,86705001454278]
            Calculating correlation with: [Jaccard] Jaccard Coefficient External Evaluation
                Spearman correlation: 0,8756725584218064
                Pearson correlation: 0,9397316259190859
    For criteria : PBM Criteria Calculator
        For distance: Neighbour Overlap Distance Calculator
            With values: [0,021778408139559342, 0,020816457199043355, 0,02122325128737438, 0,021035398434633035, 0,02134626338841717, 0,021860068592232888, 0,021120837903976005, 0,01790979683882383, 0,01790979683882383, 0,021120837903976005, 0,020816457199043355, 0,0214388417070248, 0,021778408139559342, 0,021576411819906053, 0,02122325128737438, 0,021120837903976005, 0,0214388417070248, 0,021576411819906053, 0,021035398434633035, 0,021623066638967216, 0,021860068592232888, 0,021778408139559342, 0,020816457199043355, 0,01790979683882383, 0,01790979683882383, 0,02122325128737438, 0,02167058044227226, 0,021860068592232888, 0,020816457199043355, 0,02134626338841717]
            Calculating correlation with: [Jaccard] Jaccard Coefficient External Evaluation
                Spearman correlation: 0,9098963426227632
                Pearson correlation: 0,5360581011449884
        For distance: Edge Path Distance Calculator
            With values: [8,344026969402005E-309, 5,562684646268003E-309, 0,014705882352941176, 5,562684646268003E-309, 5,562684646268003E-309, 5,562684646268003E-309, 5,562684646268003E-309, 0,014705882352941176, 0,014705882352941176, 5,562684646268003E-309, 5,562684646268003E-309, 8,344026969402005E-309, 8,344026969402005E-309, 5,562684646268003E-309, 0,014705882352941176, 5,562684646268003E-309, 8,344026969402005E-309, 5,562684646268003E-309, 5,562684646268003E-309, 3,3376107877608E-309, 5,562684646268003E-309, 8,344026969402005E-309, 5,562684646268003E-309, 0,014705882352941176, 0,014705882352941176, 0,014705882352941176, 5,562684646268003E-309, 5,562684646268003E-309, 5,562684646268003E-309, 5,562684646268003E-309]
            Calculating correlation with: [Jaccard] Jaccard Coefficient External Evaluation
                Spearman correlation: -0,12533011604036443
                Pearson correlation: -0,23805841039287887
        For distance: Adjacency Relation Distance Calculator
            With values: [0,013019417728568048, 0,011737671091464518, 0,011935112023559161, 0,011911119535354054, 0,012040601093287969, 0,012079157269005096, 0,011863389211882843, 0,011807877344792966, 0,011807877344792966, 0,011863389211882843, 0,011737671091464518, 0,012885713056995972, 0,013019417728568048, 0,0119488496239825, 0,011935112023559161, 0,011863389211882843, 0,012885713056995972, 0,0119488496239825, 0,011911119535354054, 0,012021612667183528, 0,012079157269005096, 0,013019417728568048, 0,011737671091464518, 0,011807877344792966, 0,011807877344792966, 0,011935112023559161, 0,011972994505912816, 0,012079157269005096, 0,011737671091464518, 0,012040601093287969]
            Calculating correlation with: [Jaccard] Jaccard Coefficient External Evaluation
                Spearman correlation: 0,9286053446526195
                Pearson correlation: 0,5802713387987719
        For distance: Pearson Correlation Distance Calculator
            With values: [0,03194971685376155, 0,028964793713809476, 0,03040105451149071, 0,030009940591616272, 0,03113913265429131, 0,03231542346526723, 0,030015326676058694, 0,029323831713720952, 0,029323831713720952, 0,030015326676058694, 0,028964793713809476, 0,030739325895684365, 0,03194971685376155, 0,03108034904013708, 0,03040105451149071, 0,030015326676058694, 0,030739325895684365, 0,03108034904013708, 0,030009940591616272, 0,0314941244565425, 0,03231542346526723, 0,03194971685376155, 0,028964793713809476, 0,029323831713720952, 0,029323831713720952, 0,03040105451149071, 0,031520245168133884, 0,03231542346526723, 0,028964793713809476, 0,03113913265429131]
            Calculating correlation with: [Jaccard] Jaccard Coefficient External Evaluation
                Spearman correlation: 0,9646543973442933
                Pearson correlation: 0,9317844501203001
    For criteria : Dunn Index Criteria Calculator
        For distance: Neighbour Overlap Distance Calculator
            With values: [0,5, 0,19999999999999996, 0,19999999999999996, 0,19999999999999996, 0,19999999999999996, 0,6, 0,19999999999999996, 0,19999999999999996, 0,19999999999999996, 0,19999999999999996, 0,19999999999999996, 0,5, 0,5, 0,5, 0,19999999999999996, 0,19999999999999996, 0,5, 0,5, 0,19999999999999996, 0,5, 0,6, 0,5, 0,19999999999999996, 0,19999999999999996, 0,19999999999999996, 0,19999999999999996, 0,5, 0,6, 0,19999999999999996, 0,19999999999999996]
            Calculating correlation with: [Jaccard] Jaccard Coefficient External Evaluation
                Spearman correlation: 0,7260966919377451
                Pearson correlation: 0,6580089682241427
        For distance: Edge Path Distance Calculator
            With values: [5,562684646268003E-309, 5,562684646268003E-309, 5,562684646268003E-309, 5,562684646268003E-309, 5,562684646268003E-309, 5,562684646268003E-309, 5,562684646268003E-309, 5,562684646268003E-309, 5,562684646268003E-309, 5,562684646268003E-309, 5,562684646268003E-309, 5,562684646268003E-309, 5,562684646268003E-309, 5,562684646268003E-309, 5,562684646268003E-309, 5,562684646268003E-309, 5,562684646268003E-309, 5,562684646268003E-309, 5,562684646268003E-309, 5,562684646268003E-309, 5,562684646268003E-309, 5,562684646268003E-309, 5,562684646268003E-309, 5,562684646268003E-309, 5,562684646268003E-309, 5,562684646268003E-309, 5,562684646268003E-309, 5,562684646268003E-309, 5,562684646268003E-309, 5,562684646268003E-309]
            Calculating correlation with: [Jaccard] Jaccard Coefficient External Evaluation
                Spearman correlation: NaN
                Pearson correlation: NaN
        For distance: Adjacency Relation Distance Calculator
            With values: [0,23570226039551584, 0,06622661785325219, 0,07453559924999299, 0,07647191129018725, 0,07647191129018725, 0,20942695414584775, 0,06622661785325219, 0,07453559924999299, 0,07453559924999299, 0,06622661785325219, 0,06622661785325219, 0,23570226039551584, 0,23570226039551584, 0,20942695414584775, 0,07453559924999299, 0,06622661785325219, 0,23570226039551584, 0,20942695414584775, 0,07647191129018725, 0,24182541670333724, 0,20942695414584775, 0,23570226039551584, 0,06622661785325219, 0,07453559924999299, 0,07453559924999299, 0,07453559924999299, 0,20942695414584775, 0,20942695414584775, 0,06622661785325219, 0,07647191129018725]
            Calculating correlation with: [Jaccard] Jaccard Coefficient External Evaluation
                Spearman correlation: 0,8103130579500062
                Pearson correlation: 0,6650352925818345
        For distance: Pearson Correlation Distance Calculator
            With values: [0,1396419061202137, 0,026364699680839015, 0,02918330534654291, 0,030641115545867, 0,030641115545867, 0,32945962310227317, 0,026364699680839015, 0,02918330534654291, 0,02918330534654291, 0,026364699680839015, 0,026364699680839015, 0,1396419061202137, 0,1396419061202137, 0,18791649343391886, 0,02918330534654291, 0,026364699680839015, 0,1396419061202137, 0,18791649343391886, 0,030641115545867, 0,21839698756240972, 0,32945962310227317, 0,1396419061202137, 0,026364699680839015, 0,02918330534654291, 0,02918330534654291, 0,02918330534654291, 0,12615489828863677, 0,32945962310227317, 0,026364699680839015, 0,030641115545867]
            Calculating correlation with: [Jaccard] Jaccard Coefficient External Evaluation
                Spearman correlation: 0,8318778576233888
                Pearson correlation: 0,6415248233720922
    For criteria : Z-Statistics Criteria Calculator
        For distance: Neighbour Overlap Distance Calculator
            With values: [254,04200894691044, 260,0019970459495, 255,1714983524094, 254,79976184916077, 250,68843855639358, 253,05009544453168, 260,86804269165845, 256,6882357091625, 256,6882357091625, 260,86804269165845, 260,0019970459495, 253,9076461625637, 254,04200894691044, 253,1275355937371, 255,1714983524094, 260,86804269165845, 253,9076461625637, 253,1275355937371, 254,79976184916077, 249,42458636654783, 253,05009544453168, 254,04200894691044, 260,0019970459495, 256,6882357091625, 256,6882357091625, 255,1714983524094, 262,33313922217366, 253,05009544453168, 260,0019970459495, 250,68843855639358]
            Calculating correlation with: [Jaccard] Jaccard Coefficient External Evaluation
                Spearman correlation: -0,7278258106736747
                Pearson correlation: -0,8025663912977793
        For distance: Edge Path Distance Calculator
            With values: [27,97689560117224, 20,98597305921032, 26,36515553386113, 27,171025567516686, 27,775428092758347, 23,403583160176975, 21,59037558445198, 25,760753008619464, 25,760753008619464, 21,59037558445198, 20,98597305921032, 27,37249307593057, 27,97689560117224, 22,79918063493531, 26,36515553386113, 21,59037558445198, 27,37249307593057, 22,79918063493531, 27,171025567516686, 28,78276563482779, 23,403583160176975, 27,97689560117224, 20,98597305921032, 25,760753008619464, 25,760753008619464, 26,36515553386113, 23,202115651763087, 23,403583160176975, 20,98597305921032, 27,775428092758347]
            Calculating correlation with: [Jaccard] Jaccard Coefficient External Evaluation
                Spearman correlation: 0,6377031789444891
                Pearson correlation: 0,6375699864189063
        For distance: Adjacency Relation Distance Calculator
            With values: [198,3120900635571, 205,0347909072564, 198,5190153301548, 197,43668391033313, 194,90677056283423, 201,91896478229685, 206,67881890321812, 199,4107880202182, 199,4107880202182, 206,67881890321812, 205,0347909072564, 198,27609832932637, 198,3120900635571, 200,98531301947665, 198,5190153301548, 206,67881890321812, 198,27609832932637, 200,98531301947665, 197,43668391033313, 195,0291119305455, 201,91896478229685, 198,3120900635571, 205,0347909072564, 199,4107880202182, 199,4107880202182, 198,5190153301548, 209,07664127954067, 201,91896478229685, 205,0347909072564, 194,90677056283423]
            Calculating correlation with: [Jaccard] Jaccard Coefficient External Evaluation
                Spearman correlation: -0,436467327842865
                Pearson correlation: -0,580077036228332
        For distance: Pearson Correlation Distance Calculator
            With values: [113,51678276179388, 123,04835966872733, 116,70186174094351, 116,49611937174812, 112,70486414851301, 114,0363555290396, 122,12951369974405, 118,97527964486386, 118,97527964486386, 122,12951369974405, 123,04835966872733, 115,32814057233624, 113,51678276179388, 116,01097872395954, 116,70186174094351, 122,12951369974405, 115,32814057233624, 116,01097872395954, 116,49611937174812, 111,38881589849717, 114,0363555290396, 113,51678276179388, 123,04835966872733, 118,97527964486386, 118,97527964486386, 116,70186174094351, 120,56936346593548, 114,0363555290396, 123,04835966872733, 112,70486414851301]
            Calculating correlation with: [Jaccard] Jaccard Coefficient External Evaluation
                Spearman correlation: -0,8806920467712803
                Pearson correlation: -0,9389705349007472