
########### DATASET ###########
########### NCAA Football Dataset - Unweightened Undirected, ############
External evaluation: [Jaccard] Jaccard Coefficient External Evaluation
With values: [0,2540113552209331, 0,2151471297636276, 0,24439624005784527, 0,22657004830917873, 0,23710831482852207, 0,24686192468619247, 0,2408565928777671, 0,2536573270518225, 0,23425387596899225, 0,2657272269753397, 0,23978952643447757, 0,21796690307328606, 0,2169928164478573, 0,22241127856101117, 0,23632331197634301, 0,2858555885262117, 0,26916524701873934, 0,223935389133627, 0,24512670565302144, 0,2212303980699638, 0,23446258834998782, 0,24746254229096182, 0,23121951219512196, 0,22864878168840758, 0,25467059980334317, 0,2099219108865411, 0,25024271844660195, 0,2718229296194976, 0,22670509125840538, 0,26632175412663217]
With average: 0,24062885431000863

    For criteria : Modularity Q Criteria Calculator
        For distance: Neighbour Overlap Distance Calculator
            With values: [0,06083893446394644, 0,06234490263477832, 0,046032736543159286, 0,05069352841359514, 0,058702889553723284, 0,0576772489420685, 0,05123036509738138, 0,053753901147781114, 0,051332485158282065, 0,06709086182873221, 0,055056840106624684, 0,052867918801231595, 0,0498059315206283, 0,04947050950241296, 0,05599125884569622, 0,061786673210961505, 0,05852609672101772, 0,05651961916079106, 0,05142007430142614, 0,05080210666016544, 0,05414260319777066, 0,05396258127223031, 0,049918142496637743, 0,06051198881442243, 0,06269889193679375, 0,04953832045194387, 0,05662860104396574, 0,06738269109367764, 0,047365544610724813, 0,05472141808840941]
            Calculating correlation with: [Jaccard] Jaccard Coefficient External Evaluation
                Spearman correlation: 0,5577308120133483
                Pearson correlation: 0,561357090083239
        For distance: Edge Path Distance Calculator
            With values: [0,06083893446394644, 0,06234490263477832, 0,046032736543159286, 0,05069352841359514, 0,058702889553723284, 0,0576772489420685, 0,05123036509738138, 0,053753901147781114, 0,051332485158282065, 0,06709086182873221, 0,055056840106624684, 0,052867918801231595, 0,0498059315206283, 0,04947050950241296, 0,05599125884569622, 0,061786673210961505, 0,05852609672101772, 0,05651961916079106, 0,05142007430142614, 0,05080210666016544, 0,05414260319777066, 0,05396258127223031, 0,049918142496637743, 0,06051198881442243, 0,06269889193679375, 0,04953832045194387, 0,05662860104396574, 0,06738269109367764, 0,047365544610724813, 0,05472141808840941]
            Calculating correlation with: [Jaccard] Jaccard Coefficient External Evaluation
                Spearman correlation: 0,5577308120133483
                Pearson correlation: 0,561357090083239
        For distance: Adjacency Relation Distance Calculator
            With values: [0,06083893446394644, 0,06234490263477832, 0,046032736543159286, 0,05069352841359514, 0,058702889553723284, 0,0576772489420685, 0,05123036509738138, 0,053753901147781114, 0,051332485158282065, 0,06709086182873221, 0,055056840106624684, 0,052867918801231595, 0,0498059315206283, 0,04947050950241296, 0,05599125884569622, 0,061786673210961505, 0,05852609672101772, 0,05651961916079106, 0,05142007430142614, 0,05080210666016544, 0,05414260319777066, 0,05396258127223031, 0,049918142496637743, 0,06051198881442243, 0,06269889193679375, 0,04953832045194387, 0,05662860104396574, 0,06738269109367764, 0,047365544610724813, 0,05472141808840941]
            Calculating correlation with: [Jaccard] Jaccard Coefficient External Evaluation
                Spearman correlation: 0,5577308120133483
                Pearson correlation: 0,561357090083239
        For distance: Pearson Correlation Distance Calculator
            With values: [0,06083893446394644, 0,06234490263477832, 0,046032736543159286, 0,05069352841359514, 0,058702889553723284, 0,0576772489420685, 0,05123036509738138, 0,053753901147781114, 0,051332485158282065, 0,06709086182873221, 0,055056840106624684, 0,052867918801231595, 0,0498059315206283, 0,04947050950241296, 0,05599125884569622, 0,061786673210961505, 0,05852609672101772, 0,05651961916079106, 0,05142007430142614, 0,05080210666016544, 0,05414260319777066, 0,05396258127223031, 0,049918142496637743, 0,06051198881442243, 0,06269889193679375, 0,04953832045194387, 0,05662860104396574, 0,06738269109367764, 0,047365544610724813, 0,05472141808840941]
            Calculating correlation with: [Jaccard] Jaccard Coefficient External Evaluation
                Spearman correlation: 0,5577308120133483
                Pearson correlation: 0,561357090083239
    For criteria : C Index Criteria Calculator
        For distance: Neighbour Overlap Distance Calculator
            With values: [0,7600440611328865, 0,7558865530998545, 0,7878280061708076, 0,7820213979344682, 0,7751226252924613, 0,7763960950291808, 0,776025381431718, 0,7737715905918912, 0,786775665080771, 0,7564088575327962, 0,7558444544734314, 0,782368068235268, 0,7750401686999733, 0,7702429869242001, 0,7609295216657858, 0,7683633400193304, 0,7860038485204597, 0,7786525609136677, 0,7768665583917443, 0,7802029038483842, 0,7590732355679919, 0,7880896091127839, 0,7824456287414113, 0,760810148587314, 0,7719956234258869, 0,7820136501231694, 0,779165460652521, 0,7549369924460426, 0,7896681488362689, 0,78043984393397]
            Calculating correlation with: [Jaccard] Jaccard Coefficient External Evaluation
                Spearman correlation: -0,17552836484983325
                Pearson correlation: -0,17962599237478982
        For distance: Edge Path Distance Calculator
            With values: [0,2071156289707751, 0,21346886912325286, 0,18043202033036848, 0,1905972045743329, 0,20330368487928843, 0,2020330368487929, 0,19186785260482847, 0,19822109275730623, 0,1905972045743329, 0,22236340533672172, 0,19949174078780177, 0,19440914866581957, 0,1855146124523507, 0,18932655654383734, 0,20330368487928843, 0,2121982210927573, 0,204574332909784, 0,19949174078780177, 0,1905972045743329, 0,1880559085133418, 0,19567979669631513, 0,19949174078780177, 0,18678526048284624, 0,2071156289707751, 0,21346886912325286, 0,1905972045743329, 0,20076238881829733, 0,22363405336721728, 0,18424396442185514, 0,19695044472681067]
            Calculating correlation with: [Jaccard] Jaccard Coefficient External Evaluation
                Spearman correlation: 0,5449692161060665
                Pearson correlation: 0,5663581423801679
        For distance: Adjacency Relation Distance Calculator
            With values: [0,47616171230189774, 0,5048161505708488, 0,46353671228851184, 0,4894898226076054, 0,4829051950112088, 0,4733747730596128, 0,4815518635807809, 0,4809925312812928, 0,48084364791918754, 0,4701859957753459, 0,49623399838579435, 0,4928844287166667, 0,503365338423411, 0,49846241439916034, 0,4995581464165785, 0,434303522725197, 0,4516126853991485, 0,495653557629295, 0,4807882772997492, 0,49212951416119466, 0,4784152967168144, 0,4791758972709428, 0,48533897585527197, 0,49172991948892253, 0,47279708497498, 0,4888298708654256, 0,4616277678713986, 0,46856176136716604, 0,4925058226189936, 0,47085466513403323]
            Calculating correlation with: [Jaccard] Jaccard Coefficient External Evaluation
                Spearman correlation: -0,8451612903225807
                Pearson correlation: -0,8579720502234094
        For distance: Pearson Correlation Distance Calculator
            With values: [0,6829478258896755, 0,6774716940746804, 0,6961603656975094, 0,7011502923727339, 0,6971620320653037, 0,6974628367214059, 0,692833214395725, 0,696233630872955, 0,7034384717802619, 0,6878687896391644, 0,690199907744642, 0,6934475798437797, 0,70084321523866, 0,6925458586296075, 0,6897016927413051, 0,6830134270972343, 0,6942238930747292, 0,7024356338189921, 0,6952409485523272, 0,6930701485165104, 0,6792284514347416, 0,7016339661033416, 0,7007399533882691, 0,6900767116486084, 0,694579166046429, 0,6877194612278821, 0,6940088491354185, 0,6791016846086686, 0,7030749354201332, 0,6940004460079914]
            Calculating correlation with: [Jaccard] Jaccard Coefficient External Evaluation
                Spearman correlation: -0,13948832035595138
                Pearson correlation: -0,24311715550635793
    For criteria : Davies Bouldin Criteria Calculator
        For distance: Neighbour Overlap Distance Calculator
            With values: [1,795821555295312, 1,8055633251634935, 1,7649854206925437, 1,866335087814672, 1,8378992182823046, 1,7850064945980832, 1,8416940973205218, 1,8356341722252314, 1,7934518042742709, 1,8169553869534298, 1,8363853854487828, 2,027892261716759, 1,8525434020502671, 1,8441558689916426, 1,8191878186809183, 1,781330245518511, 1,8268505413944798, 1,779182486887336, 1,8459190375675925, 1,81698221283399, 1,8384545988704175, 1,7695974284380942, 1,9268169274610392, 1,816839926624763, 1,8258066040398437, 1,8107959149801471, 1,813565262059101, 1,8202431044804868, 1,8198824361600334, 1,7691326401540202]
            Calculating correlation with: [Jaccard] Jaccard Coefficient External Evaluation
                Spearman correlation: -0,2894327030033369
                Pearson correlation: -0,3574081081765562
        For distance: Edge Path Distance Calculator
            With values: [2,0, 2,0, 2,0, 2,0, 2,0, 2,0, 2,0, 2,0, 2,0, 2,0, 2,0, 2,0, 2,0, 2,0, 2,0, 2,0, 2,0, 2,0, 2,0, 2,0, 2,0, 2,0, 2,0, 2,0, 2,0, 2,0, 8,716087926605168E306, Infinity, 2,0, 2,0]
            Calculating correlation with: [Jaccard] Jaccard Coefficient External Evaluation
                Spearman correlation: 0,3121949294514233
                Pearson correlation: NaN
        For distance: Adjacency Relation Distance Calculator
            With values: [4,45756245055128, 4,3852247406469, 3,992043882663435, 4,421593071060619, 4,450061181135795, 4,1894883673205845, 3,683418845683544, 4,4681541344032825, 3,8692451839927027, 4,541808672016495, 4,528561041889121, 3,9178438562908524, 4,475537649010083, 4,470793155793532, 4,448854809664917, 4,542465117759914, 4,29070132043913, 4,2931428324255565, 3,9704455438796966, 4,389146469615307, 4,4793119098886605, 4,068258513075493, 4,569215207543384, 4,461560114181305, 4,358937937390056, 4,471385023669155, 4,004973909349296, 3,9115170929062537, 4,392968647654359, 4,278926666371854]
            Calculating correlation with: [Jaccard] Jaccard Coefficient External Evaluation
                Spearman correlation: -0,14260289210233595
                Pearson correlation: -0,10076806890670033
        For distance: Pearson Correlation Distance Calculator
            With values: [1,7673735997037596, 1,8124266185173652, 1,7544325035097983, 1,95616167903207, 1,7289203049334334, 1,7675955656203854, 1,7937294509660489, 1,801180928506406, 1,7572743380497333, 1,8006746323740215, 1,867990796979198, 2,0808993692767275, 1,8916773867483272, 1,768989777262029, 1,8926942982210744, 1,7375348964149702, 1,8203666664335938, 1,7556506089975146, 1,847462378511866, 1,737236021278352, 1,8451660155181955, 1,7578556506348455, 1,993536472289701, 1,7931849202056993, 1,736565666386572, 2,0535007006766137, 1,7448065683129108, 1,7254399397475153, 1,8014311196682504, 1,7766456164803264]
            Calculating correlation with: [Jaccard] Jaccard Coefficient External Evaluation
                Spearman correlation: -0,4518353726362624
                Pearson correlation: -0,5001820419791896
    For criteria : Silhouette Width Criteria 2 Calculator
        For distance: Neighbour Overlap Distance Calculator
            With values: [-0,019070621361815785, -0,020391548821092044, -0,02445981877694942, -0,023400643600863354, -0,021374124936943704, -0,02132537262813739, -0,022110912314914778, -0,02201284223680636, -0,021093959490213643, -0,022019540566481362, -0,016372435444557937, -0,022722206124973193, -0,018684506438317212, -0,01830400229737306, -0,021159944084535125, -0,02433463362615527, -0,025682644599068546, -0,02035045181704297, -0,021472760711937683, -0,01949697413504757, -0,02116225255704586, -0,024787206226001123, -0,019356273551474984, -0,02166850062793014, -0,021009454011354085, -0,024561888002682584, -0,02019590816858407, -0,0254437085423905, -0,023514468737093393, -0,02073117744769858]
            Calculating correlation with: [Jaccard] Jaccard Coefficient External Evaluation
                Spearman correlation: -0,2894327030033369
                Pearson correlation: -0,3408412636925576
        For distance: Edge Path Distance Calculator
            With values: [-0,5444444444444445, -0,5833333333333334, -0,55, -0,5777777777777778, -0,5666666666666667, -0,5777777777777778, -0,5166666666666667, -0,5555555555555556, -0,5388888888888889, -0,5722222222222223, -0,5666666666666667, -0,5777777777777778, -0,5444444444444445, -0,5277777777777778, -0,5666666666666667, -0,5555555555555556, -0,5944444444444444, -0,5722222222222223, -0,5444444444444445, -0,5444444444444445, -0,5444444444444445, -0,5777777777777778, -0,55, -0,5444444444444445, -0,5944444444444444, -0,5888888888888889, -0,5833333333333334, -0,5722222222222223, -0,5611111111111111, -0,5388888888888889]
            Calculating correlation with: [Jaccard] Jaccard Coefficient External Evaluation
                Spearman correlation: -0,07837155826646046
                Pearson correlation: -0,07694393363397878
        For distance: Adjacency Relation Distance Calculator
            With values: [-0,07053423962498051, -0,06709254114591474, -0,07251748533779982, -0,07921104497340649, -0,07952761231012799, -0,07614152773768625, -0,06671251256042329, -0,08555594792881956, -0,06783052670187643, -0,08626503836203649, -0,0843643236948416, -0,056239383405966285, -0,0861404731933851, -0,06966875518266295, -0,0884708823514213, -0,07461475708307853, -0,06626148657890507, -0,07932522066470213, -0,067486466638187, -0,06859087178076333, -0,074350304110944, -0,07549441427047875, -0,07157086604596162, -0,07780192988663098, -0,07186815079293925, -0,05572164347150278, -0,06651480320758188, -0,0713600991442595, -0,07384169227004399, -0,06715313113697255]
            Calculating correlation with: [Jaccard] Jaccard Coefficient External Evaluation
                Spearman correlation: -0,0696329254727473
                Pearson correlation: -0,14587387834402676
        For distance: Pearson Correlation Distance Calculator
            With values: [-0,04482995570317854, -0,043838309804031174, -0,050562050776100466, -0,05059333176150783, -0,04775200193044341, -0,04734914583547508, -0,04726001240388653, -0,04910042358642, -0,04500934429652426, -0,05259055154924849, -0,040341889598008565, -0,048242269018928884, -0,04062980736996616, -0,042008225392476124, -0,04674956364895676, -0,05386932947529193, -0,05326946558313929, -0,04431361152377672, -0,047221890839963226, -0,043610705509029984, -0,046128947116951334, -0,05489696489424644, -0,045430291034273367, -0,047888377597627756, -0,046419699139653936, -0,048692390446361346, -0,04711368089613258, -0,058937253453620775, -0,04828824660417607, -0,04724744352203134]
            Calculating correlation with: [Jaccard] Jaccard Coefficient External Evaluation
                Spearman correlation: -0,4771968854282536
                Pearson correlation: -0,6109185651771729
    For criteria : Variance Ratio Criteria Calculator
        For distance: Neighbour Overlap Distance Calculator
            With values: [18,152345527670462, 18,00521288223118, 17,941819984642013, 18,177259087139472, 17,98110793170954, 18,043309967662204, 17,762981424468038, 18,169949484722384, 18,00331634409254, 18,02592118566882, 17,27352114293327, 17,171717262629766, 17,94991913286116, 17,890454688284482, 17,764139239697233, 18,31165646228652, 18,17319028130288, 18,054940993004564, 17,450251289029843, 17,885097045250124, 18,36529684808426, 17,912058930659427, 17,233735911413536, 18,102511263174097, 18,003834499980535, 17,86988961758959, 17,823953972958794, 18,303858498874227, 18,29830558691084, 18,021129824050014]
            Calculating correlation with: [Jaccard] Jaccard Coefficient External Evaluation
                Spearman correlation: 0,33926585094549494
                Pearson correlation: 0,3294794114455094
        For distance: Edge Path Distance Calculator
            With values: [16,0, 16,0, 16,0, 16,0, 16,0, 16,0, 16,0, 16,0, 16,0, 16,0, 16,0, 16,0, 16,0, 16,0, 16,0, 16,0, 16,0, 16,0, 16,0, 16,0, 16,0, 16,0, 16,0, 16,0, 16,0, 16,0, 1,602053178125185E-305, 5,3401772604172833E-306, 16,0, 16,0]
            Calculating correlation with: [Jaccard] Jaccard Coefficient External Evaluation
                Spearman correlation: -0,3121949294514233
                Pearson correlation: -0,29478062131251875
        For distance: Adjacency Relation Distance Calculator
            With values: [7,416000325126773, 8,174466040063809, 9,34544640153556, 7,443888388858799, 8,126087789972162, 8,074150824100345, 9,25360206401155, 7,3110725562368675, 9,634096687272574, 7,993142427731505, 8,001593753539016, 8,902533745192859, 8,019541357390436, 7,398609303829666, 7,603364346424866, 7,993079356012334, 8,775257402461856, 7,623688289496863, 8,47584687745193, 7,601774714344883, 8,111591756293329, 8,613890589680036, 8,015480427261968, 7,9847952226962216, 8,205464757238596, 7,4610416716852805, 8,754445848401458, 9,4262536480173, 8,14103905953544, 8,368383822619998]
            Calculating correlation with: [Jaccard] Jaccard Coefficient External Evaluation
                Spearman correlation: 0,26718576195773075
                Pearson correlation: 0,2672441817858926
        For distance: Pearson Correlation Distance Calculator
            With values: [19,84385365458388, 20,075642765888894, 19,558127407628692, 19,399029500887078, 19,562315432890266, 19,753468358092245, 19,721579315915, 20,137650996085988, 19,27780492382643, 20,232478792411065, 19,119134840462525, 19,15813442322758, 18,615212369219503, 20,110162832348642, 19,846201619439455, 19,824203703040666, 19,692005788011265, 19,088350836585388, 19,302275551631876, 20,04538475912379, 19,69965586350147, 19,694186365297828, 19,108464784318134, 18,443669234446656, 19,842291412671187, 18,949551710194243, 19,946615231189856, 20,21010122310729, 19,202929715886437, 19,536095389203087]
            Calculating correlation with: [Jaccard] Jaccard Coefficient External Evaluation
                Spearman correlation: 0,45139043381535054
                Pearson correlation: 0,48677043948259924
    For criteria : PBM Criteria Calculator
        For distance: Neighbour Overlap Distance Calculator
            With values: [6,21172049873411E-4, 6,168827799933207E-4, 6,126211098447177E-4, 6,138918502408736E-4, 6,126588474765322E-4, 6,139636599995799E-4, 6,153559653485944E-4, 6,139335569082448E-4, 6,099930758824984E-4, 6,196089788790859E-4, 6,162989437056074E-4, 6,127464870050739E-4, 6,114626130834799E-4, 6,122987286637261E-4, 6,162981553385239E-4, 6,169607983726141E-4, 6,157064129713918E-4, 6,150141631883976E-4, 6,149796302674755E-4, 6,123741064348861E-4, 6,186249993008346E-4, 6,115802061535932E-4, 6,117227469513376E-4, 6,179564965569685E-4, 6,165104208347478E-4, 6,119782722413677E-4, 6,125261495965224E-4, 6,222963317091122E-4, 6,116617648413863E-4, 6,148709542543541E-4]
            Calculating correlation with: [Jaccard] Jaccard Coefficient External Evaluation
                Spearman correlation: 0,47052280311457156
                Pearson correlation: 0,4976039512508728
        For distance: Edge Path Distance Calculator
            With values: [9,079258256880383E304, 9,079258256880383E304, 9,079258256880383E304, 9,079258256880383E304, 9,079258256880383E304, 9,079258256880383E304, 9,079258256880383E304, 9,079258256880383E304, 9,079258256880383E304, 9,079258256880383E304, 9,079258256880383E304, 9,079258256880383E304, 9,079258256880383E304, 9,079258256880383E304, 9,079258256880383E304, 9,079258256880383E304, 9,079258256880383E304, 9,079258256880383E304, 9,079258256880383E304, 9,079258256880383E304, 9,079258256880383E304, 9,079258256880383E304, 9,079258256880383E304, 9,079258256880383E304, 9,079258256880383E304, 9,079258256880383E304, 0,09090909090909091, 0,030303030303030304, 9,079258256880383E304, 9,079258256880383E304]
            Calculating correlation with: [Jaccard] Jaccard Coefficient External Evaluation
                Spearman correlation: -0,3121949294514233
                Pearson correlation: NaN
        For distance: Adjacency Relation Distance Calculator
            With values: [3,0958155562417543E-4, 3,1097621002147756E-4, 8,292601096084001E-4, 2,5326239755235435E-4, 3,095160696338922E-4, 6,444303260845094E-4, 8,654665890509733E-4, 2,5329381084523517E-4, 8,289549580385563E-4, 2,5230878875415105E-4, 2,525755604021154E-4, 7,946750396690522E-4, 2,531420883014658E-4, 3,096906308800184E-4, 2,5412313992061717E-4, 2,5230679785392474E-4, 6,436708143920394E-4, 3,5500667361588697E-4, 6,891978517474199E-4, 3,1131436060443914E-4, 3,101083681215289E-4, 6,925193395965217E-4, 2,530139023756935E-4, 2,5204530374672423E-4, 3,55639612294021E-4, 2,538460013502069E-4, 7,512629551549426E-4, 8,837448226313405E-4, 3,104674732793055E-4, 6,390487417102328E-4]
            Calculating correlation with: [Jaccard] Jaccard Coefficient External Evaluation
                Spearman correlation: 0,17196885428253617
                Pearson correlation: 0,26877725443162437
        For distance: Pearson Correlation Distance Calculator
            With values: [6,84383351491142E-4, 6,809258944404229E-4, 6,756481994112871E-4, 6,739397076218492E-4, 6,728940744053189E-4, 6,772014541651416E-4, 6,732171835799146E-4, 6,748291325375559E-4, 6,672920416746221E-4, 6,869029498052699E-4, 6,774517245506242E-4, 6,72676831554033E-4, 6,727425192071477E-4, 6,719291120089984E-4, 6,799864981718622E-4, 6,786456607976454E-4, 6,773021852122277E-4, 6,77321181441954E-4, 6,741722184670651E-4, 6,793686799710651E-4, 6,853403694893298E-4, 6,739028838746548E-4, 6,713084785993293E-4, 6,796299246245367E-4, 6,748519035199919E-4, 6,712586472768699E-4, 6,715519546416853E-4, 6,90226061037145E-4, 6,716747698472284E-4, 6,744418175015385E-4]
            Calculating correlation with: [Jaccard] Jaccard Coefficient External Evaluation
                Spearman correlation: 0,3512791991101224
                Pearson correlation: 0,3859805854328816
    For criteria : Dunn Index Criteria Calculator
        For distance: Neighbour Overlap Distance Calculator
            With values: [0,8181818181818181, 0,9090909090909091, 0,9130434782608696, 0,9047619047619048, 0,8571428571428572, 0,8636363636363636, 0,9047619047619048, 0,9166666666666666, 0,875, 0,8636363636363636, 0,8636363636363636, 0,8636363636363636, 0,8181818181818181, 0,9166666666666666, 0,9090909090909091, 0,8695652173913043, 0,9090909090909091, 0,8571428571428572, 0,8695652173913043, 0,8636363636363636, 0,9166666666666666, 0,8636363636363636, 0,9130434782608696, 0,8571428571428572, 0,8095238095238095, 0,9130434782608696, 0,9047619047619048, 0,9090909090909091, 0,8636363636363636, 0,8181818181818181]
            Calculating correlation with: [Jaccard] Jaccard Coefficient External Evaluation
                Spearman correlation: -0,09907246039187796
                Pearson correlation: -0,12265023098669052
        For distance: Edge Path Distance Calculator
            With values: [5,562684646268003E-309, 5,562684646268003E-309, 5,562684646268003E-309, 5,562684646268003E-309, 5,562684646268003E-309, 5,562684646268003E-309, 5,562684646268003E-309, 5,562684646268003E-309, 5,562684646268003E-309, 5,562684646268003E-309, 5,562684646268003E-309, 5,562684646268003E-309, 5,562684646268003E-309, 5,562684646268003E-309, 5,562684646268003E-309, 5,562684646268003E-309, 5,562684646268003E-309, 5,562684646268003E-309, 5,562684646268003E-309, 5,562684646268003E-309, 5,562684646268003E-309, 5,562684646268003E-309, 5,562684646268003E-309, 5,562684646268003E-309, 5,562684646268003E-309, 5,562684646268003E-309, 5,562684646268003E-309, 5,562684646268003E-309, 5,562684646268003E-309, 5,562684646268003E-309]
            Calculating correlation with: [Jaccard] Jaccard Coefficient External Evaluation
                Spearman correlation: NaN
                Pearson correlation: NaN
        For distance: Adjacency Relation Distance Calculator
            With values: [0,32732683535398854, 0,2672612419124244, 0,5976143046671968, 0,2672612419124244, 0,32732683535398854, 0,6546536707079771, 0,6267831705280087, 0,2672612419124244, 0,6267831705280087, 0,2672612419124244, 0,2672612419124244, 0,7791937224739796, 0,2672612419124244, 0,2672612419124244, 0,2672612419124244, 0,2672612419124244, 0,6267831705280087, 0,3779644730092272, 0,6382847385042254, 0,32732683535398854, 0,32732683535398854, 0,3779644730092272, 0,2721655269759087, 0,2672612419124244, 0,3333333333333333, 0,2672612419124244, 0,6546536707079771, 0,7071067811865475, 0,2672612419124244, 0,6267831705280087]
            Calculating correlation with: [Jaccard] Jaccard Coefficient External Evaluation
                Spearman correlation: 0,34068899534999886
                Pearson correlation: 0,28127764105906367
        For distance: Pearson Correlation Distance Calculator
            With values: [0,6736002476623624, 0,823412698412699, 0,8322951250409962, 0,6643093100198503, 0,6643093100198503, 0,6643093100198502, 0,6643093100198504, 0,7529476863516796, 0,6643093100198499, 0,6751660963651464, 0,7529476863516789, 0,6751660963651464, 0,6643093100198499, 0,6643093100198503, 0,8234126984126992, 0,6751660963651461, 0,6751660963651464, 0,6643093100198504, 0,7630044863383888, 0,6736002476623623, 0,6643093100198506, 0,7529476863516796, 0,6663443052212537, 0,6643093100198504, 0,6663443052212534, 0,6751660963651465, 0,6751660963651467, 0,8322951250409961, 0,66430931001985, 0,6643093100198503]
            Calculating correlation with: [Jaccard] Jaccard Coefficient External Evaluation
                Spearman correlation: 0,2693429214519257
                Pearson correlation: 0,11881908173836676
    For criteria : Z-Statistics Criteria Calculator
        For distance: Neighbour Overlap Distance Calculator
            With values: [1773,845844548602, 1726,8117086986933, 1874,208459305877, 1779,6632391949977, 1707,691910821816, 1764,5872058103253, 1863,3126510014645, 1752,7787279833951, 1799,8682768671654, 1718,333083109739, 1629,30251267142, 1860,2245336753874, 1598,0737850284206, 1722,2158902165895, 1705,8677463616677, 1907,176750451309, 1930,0854840067536, 1694,8443995751952, 1812,5451265889699, 1761,6212554307956, 1757,2260874691187, 1873,2177013415258, 1747,2250011191666, 1678,7319066846935, 1804,2454079530396, 1986,2114303649735, 1857,9532636742974, 1808,853843513885, 1815,05752867547, 1846,4664191069041]
            Calculating correlation with: [Jaccard] Jaccard Coefficient External Evaluation
                Spearman correlation: 0,33570634037819796
                Pearson correlation: 0,31141978764537454
        For distance: Edge Path Distance Calculator
            With values: [54,55728842596602, 56,325694375089746, 47,12998343964637, 49,95943295824433, 53,496244856491785, 53,14256366666704, 50,313114148069076, 52,0815200971928, 49,95943295824433, 58,80146270386297, 52,43520128701755, 51,020476527718564, 48,544708198945344, 49,60575176841958, 53,496244856491785, 55,972013185265, 53,849926046316526, 52,43520128701755, 49,95943295824433, 49,25207057859484, 51,37415771754331, 52,43520128701755, 48,89838938877009, 54,55728842596602, 56,325694375089746, 49,95943295824433, 52,78888247684229, 59,15514389368771, 48,1910270091206, 51,72783890736805]
            Calculating correlation with: [Jaccard] Jaccard Coefficient External Evaluation
                Spearman correlation: 0,5449692161060665
                Pearson correlation: 0,5663581423801677
        For distance: Adjacency Relation Distance Calculator
            With values: [1016,2170956330556, 1021,6781114990879, 1061,743962078861, 1031,0848196071668, 979,0812255516262, 1002,8821287803595, 1079,873252194433, 1005,2126864021526, 1032,7864266984857, 974,6427811705647, 951,1953967560232, 1090,3072717881187, 936,0719090860524, 1007,8544228853322, 1000,9205083930095, 1052,6629971970478, 1086,030628059116, 985,6425286353407, 1043,7556973957737, 1022,8984232308852, 1008,3211772381411, 1080,6524529856797, 1005,0444294287286, 975,0581948312191, 1029,4788228746468, 1174,6532145974932, 1050,398490252486, 1031,559833150705, 1056,7639849044785, 1053,7171439524889]
            Calculating correlation with: [Jaccard] Jaccard Coefficient External Evaluation
                Spearman correlation: 0,1337041156840934
                Pearson correlation: 0,03233768917995593
        For distance: Pearson Correlation Distance Calculator
            With values: [1065,0493601120668, 1034,3773925795424, 1126,9591870405347, 1071,8096015387414, 1026,8728497038433, 1062,07204228461, 1121,3878592619394, 1054,7816928251464, 1084,3093464092046, 1033,5711359344857, 979,6239022799242, 1118,286766957967, 960,8063671980967, 1034,9530652016992, 1025,6228155242195, 1145,9434429575306, 1161,2386606390646, 1020,4302639472861, 1090,7573409609863, 1057,4258411542821, 1053,3057152186366, 1128,7748643299478, 1051,376429280924, 1009,004091136619, 1086,4144438764263, 1194,036285668755, 1117,8655130710433, 1086,1977006154575, 1092,9255515399, 1110,426272773141]
            Calculating correlation with: [Jaccard] Jaccard Coefficient External Evaluation
                Spearman correlation: 0,3414905450500556
                Pearson correlation: 0,31313804166469034
    For criteria : Point Biserial Criteria Calculator
        For distance: Neighbour Overlap Distance Calculator
            With values: [-2773,202108059136, -2765,0072191948993, -2783,8243713150196, -2769,4917846180665, -2756,7737820019274, -2767,9115920098784, -2784,702652452294, -2766,227990733703, -2772,0866099481873, -2763,152707507411, -2743,2018854945554, -2782,892819130576, -2730,9558008938666, -2760,8940493750447, -2759,537700547618, -2792,5291026702444, -2791,8235497617175, -2753,2240925234787, -2776,4110656492726, -2766,5184288239325, -2770,2990108215763, -2783,6235727533285, -2763,24353921028, -2753,649947061113, -2776,038822558495, -2799,1452028714443, -2783,226692340964, -2780,503990366349, -2774,0858964704175, -2781,1807756865724]
            Calculating correlation with: [Jaccard] Jaccard Coefficient External Evaluation
                Spearman correlation: -0,38820912124582846
                Pearson correlation: -0,38743400691481805
        For distance: Edge Path Distance Calculator
            With values: [-470,73117873946035, -455,9527938664062, -523,4397741941797, -497,0470193596536, -469,39014027289215, -477,32566440894254, -504,0339273966735, -482,28778951304173, -499,0215749231058, -440,94764488678425, -467,6528316477317, -499,3183922964892, -485,00266639749157, -493,29808285875106, -469,73388471824165, -475,26043474457475, -489,4374010497542, -473,9072618481541, -500,75288618534336, -499,2435981849499, -487,38798796508075, -492,1111884420244, -499,61034324315193, -460,8583966270394, -463,09604729247275, -518,3921667487106, -488,8280370907611, -447,6952568995385, -510,8003054988463, -493,8322878486406]
            Calculating correlation with: [Jaccard] Jaccard Coefficient External Evaluation
                Spearman correlation: 0,30945494994438266
                Pearson correlation: 0,35148730043168136
        For distance: Adjacency Relation Distance Calculator
            With values: [-2813,8048628593046, -2782,7492345406768, -2840,590029294368, -2803,830990972056, -2791,0308617216315, -2812,295780863708, -2826,047559697124, -2804,288730755554, -2813,9748561729093, -2804,457891018854, -2761,1538256968342, -2816,711542848834, -2744,7735990571405, -2784,6693222159365, -2780,544712449397, -2869,2382699351515, -2858,540534278679, -2778,3953640240074, -2817,304112687562, -2798,0270279376227, -2808,4744730299653, -2828,7368249517936, -2799,043593031195, -2778,2599923923585, -2821,7767218607028, -2837,0681308686044, -2839,7063088090704, -2827,051496209851, -2808,382703781473, -2830,7320595578003]
            Calculating correlation with: [Jaccard] Jaccard Coefficient External Evaluation
                Spearman correlation: -0,5733036707452723
                Pearson correlation: -0,6036639098197095
        For distance: Pearson Correlation Distance Calculator
            With values: [-2772,420358615697, -2765,54110015915, -2782,6034646647354, -2766,53400951783, -2754,5159268286375, -2765,3206828214284, -2782,734850306764, -2763,6960680788047, -2769,0084414784137, -2760,7524424894373, -2740,56839043514, -2781,7658067904017, -2728,1795568379575, -2759,158036933491, -2757,3690906604584, -2792,1012308879554, -2790,4819774251055, -2750,0381190501585, -2774,207141065033, -2765,846340600345, -2770,5977565786266, -2780,7284050865196, -2760,72540913389, -2751,524826542974, -2773,3421802603402, -2798,8369011099235, -2781,4334080891085, -2779,8754108301314, -2771,44992194378, -2779,683512870382]
            Calculating correlation with: [Jaccard] Jaccard Coefficient External Evaluation
                Spearman correlation: -0,3637374860956618
                Pearson correlation: -0,37866695598838346
