
########### DATASET ###########
########### Sawmill Strike Dataset - Unweightened Undirected, ############
External evaluation: [Jaccard] Jaccard Coefficient External Evaluation
With values: [0,22666666666666666, 0,20261437908496732, 0,1858974358974359, 0,19393939393939394, 0,19736842105263158, 0,17834394904458598, 0,22012578616352202, 0,2129032258064516, 0,20625, 0,189873417721519, 0,175, 0,17197452229299362, 0,2532467532467532, 0,22875816993464052, 0,1895424836601307, 0,3013698630136986, 0,19753086419753085, 0,21951219512195122, 0,2125, 0,175, 0,21333333333333335, 0,2789115646258503, 0,2709677419354839, 0,2012987012987013, 0,19480519480519481, 0,2578616352201258, 0,19760479041916168, 0,21686746987951808, 0,2138364779874214, 0,20915032679738563]
With average: 0,21310182543823497

    For criteria : Modularity Q Criteria Calculator
        For distance: Neighbour Overlap Distance Calculator
            With values: [0,03999307479224377, 0,0514196675900277, -0,005367036011080336, 0,005713296398891965, 0,06630886426592797, -0,018524930747922445, 0,027181440443213283, 0,03583795013850415, 0,006059556786703602, -0,005367036011080335, 0,024065096952908576, -0,043109418282548474, -0,035491689750692536, 0,01765927977839334, -0,05297783933518006, 0,08950831024930746, -0,005886426592797798, -0,01973684210526314, 0,0455332409972299, 0,013331024930747915, 0,04882271468144044, 0,13885041551246535, 0,02458448753462603, -0,024757617728531855, 0,02614265927977839, -0,022333795013850424, 0,0424168975069252, 0,006752077562326864, -0,00848337950138504, -0,006578947368421058]
            Calculating correlation with: [Jaccard] Jaccard Coefficient External Evaluation
                Spearman correlation: 0,2961397281646836
                Pearson correlation: 0,4568680565279488
        For distance: Edge Path Distance Calculator
            With values: [0,03999307479224377, 0,0514196675900277, -0,005367036011080336, 0,005713296398891965, 0,06630886426592797, -0,018524930747922445, 0,027181440443213283, 0,03583795013850415, 0,006059556786703602, -0,005367036011080335, 0,024065096952908576, -0,043109418282548474, -0,035491689750692536, 0,01765927977839334, -0,05297783933518006, 0,08950831024930746, -0,005886426592797798, -0,01973684210526314, 0,0455332409972299, 0,013331024930747915, 0,04882271468144044, 0,13885041551246535, 0,02458448753462603, -0,024757617728531855, 0,02614265927977839, -0,022333795013850424, 0,0424168975069252, 0,006752077562326864, -0,00848337950138504, -0,006578947368421058]
            Calculating correlation with: [Jaccard] Jaccard Coefficient External Evaluation
                Spearman correlation: 0,2961397281646836
                Pearson correlation: 0,4568680565279488
        For distance: Adjacency Relation Distance Calculator
            With values: [0,03999307479224377, 0,0514196675900277, -0,005367036011080336, 0,005713296398891965, 0,06630886426592797, -0,018524930747922445, 0,027181440443213283, 0,03583795013850415, 0,006059556786703602, -0,005367036011080335, 0,024065096952908576, -0,043109418282548474, -0,035491689750692536, 0,01765927977839334, -0,05297783933518006, 0,08950831024930746, -0,005886426592797798, -0,01973684210526314, 0,0455332409972299, 0,013331024930747915, 0,04882271468144044, 0,13885041551246535, 0,02458448753462603, -0,024757617728531855, 0,02614265927977839, -0,022333795013850424, 0,0424168975069252, 0,006752077562326864, -0,00848337950138504, -0,006578947368421058]
            Calculating correlation with: [Jaccard] Jaccard Coefficient External Evaluation
                Spearman correlation: 0,2961397281646836
                Pearson correlation: 0,4568680565279488
        For distance: Pearson Correlation Distance Calculator
            With values: [0,03999307479224377, 0,0514196675900277, -0,005367036011080336, 0,005713296398891965, 0,06630886426592797, -0,018524930747922445, 0,027181440443213283, 0,03583795013850415, 0,006059556786703602, -0,005367036011080335, 0,024065096952908576, -0,043109418282548474, -0,035491689750692536, 0,01765927977839334, -0,05297783933518006, 0,08950831024930746, -0,005886426592797798, -0,01973684210526314, 0,0455332409972299, 0,013331024930747915, 0,04882271468144044, 0,13885041551246535, 0,02458448753462603, -0,024757617728531855, 0,02614265927977839, -0,022333795013850424, 0,0424168975069252, 0,006752077562326864, -0,00848337950138504, -0,006578947368421058]
            Calculating correlation with: [Jaccard] Jaccard Coefficient External Evaluation
                Spearman correlation: 0,2961397281646836
                Pearson correlation: 0,4568680565279488
    For criteria : C Index Criteria Calculator
        For distance: Neighbour Overlap Distance Calculator
            With values: [0,7093101026652842, 0,6125973982543563, 0,7345249640504302, 0,6491154733638774, 0,7025901318673906, 0,6603685248971676, 0,6502357622980973, 0,6566565227569142, 0,6789619770591586, 0,6712704410928664, 0,7779988629903356, 0,7482526836772225, 0,5898404842323519, 0,6747149115473366, 0,6499106269603058, 0,5829348225930508, 0,6702170350800928, 0,5291442330200984, 0,6658863659164627, 0,6951810855098157, 0,6606691173990761, 0,4630137444403586, 0,6990101327625996, 0,7343744774771759, 0,7538374076179645, 0,5474868742266659, 0,5946393338461021, 0,6294017322676653, 0,6884091897134065, 0,7079390027756418]
            Calculating correlation with: [Jaccard] Jaccard Coefficient External Evaluation
                Spearman correlation: -0,5081766635072403
                Pearson correlation: -0,6128649391066416
        For distance: Edge Path Distance Calculator
            With values: [0,3684210526315789, 0,39473684210526316, 0,3157894736842105, 0,39473684210526316, 0,42105263157894735, 0,2631578947368421, 0,3684210526315789, 0,3684210526315789, 0,3157894736842105, 0,3157894736842105, 0,3684210526315789, 0,21052631578947367, 0,2631578947368421, 0,34210526315789475, 0,18421052631578946, 0,47368421052631576, 0,34210526315789475, 0,2894736842105263, 0,39473684210526316, 0,34210526315789475, 0,39473684210526316, 0,5789473684210527, 0,3684210526315789, 0,23684210526315788, 0,34210526315789475, 0,34210526315789475, 0,4473684210526316, 0,3684210526315789, 0,3684210526315789, 0,3157894736842105]
            Calculating correlation with: [Jaccard] Jaccard Coefficient External Evaluation
                Spearman correlation: 0,360344887862521
                Pearson correlation: 0,49176757803583376
        For distance: Adjacency Relation Distance Calculator
            With values: [0,5213846851699635, 0,48081423331740675, 0,6000871634217138, 0,5900544133597915, 0,5266347104724709, 0,5456253362813396, 0,49414549590447837, 0,4907787732630961, 0,4839919857083913, 0,5505962735780316, 0,6052848900312263, 0,5869142791541297, 0,5012475464837862, 0,5283445322725678, 0,5528097471346743, 0,4147244091702181, 0,5814910403815533, 0,4391656909439562, 0,4587628932404907, 0,5493849563361819, 0,5190778683885708, 0,352117912761742, 0,5054559683973685, 0,5509295049182764, 0,546379806298004, 0,5377185793872199, 0,515850264982558, 0,5247989328414301, 0,6284443998406333, 0,5834802875553885]
            Calculating correlation with: [Jaccard] Jaccard Coefficient External Evaluation
                Spearman correlation: -0,6421181483721083
                Pearson correlation: -0,6625316831978032
        For distance: Pearson Correlation Distance Calculator
            With values: [0,6220379294145751, 0,5763789986816226, 0,649120458469873, 0,6292523417846072, 0,6469179588051773, 0,6290635239907009, 0,6026592230508173, 0,6037465175527109, 0,6138677779570046, 0,6299230401349541, 0,69843227287626, 0,6664534367020346, 0,5502726632983572, 0,6109226193417441, 0,5873364668559148, 0,5201225029554489, 0,6258266401132787, 0,4963150507790399, 0,6022426352311382, 0,6316813534923631, 0,59982684280801, 0,465755788769425, 0,5979620741458664, 0,6727218402303178, 0,6574945522886952, 0,5286068823157379, 0,5681631762515262, 0,6202716527962073, 0,6472005208288335, 0,6350168100299186]
            Calculating correlation with: [Jaccard] Jaccard Coefficient External Evaluation
                Spearman correlation: -0,6823895914959309
                Pearson correlation: -0,7243683156349666
    For criteria : Davies Bouldin Criteria Calculator
        For distance: Neighbour Overlap Distance Calculator
            With values: [2,426543209876543, 1,5792426023907506, 1,7573445767195768, 2,3742283950617287, 1,4942019400352733, 1,4657407407407406, 1,4989424669980225, 1,534156378600823, 1,5277777777777777, 1,493253968253968, 1,7393746993746995, 1,7640302623106854, 1,46, 1,7203703703703703, 1,4402336860670193, 2,283653499278499, 1,690012025012025, 1,4459761226427894, 2,5453136810279666, 1,6649610782263846, 1,4911669606114049, 1,5745424053459767, 1,6044047619047621, 1,698419312169312, 1,5929927773578565, 1,5137891737891738, 1,5772875581208914, 1,8027065527065527, 1,7766203703703702, 1,6952777777777777]
            Calculating correlation with: [Jaccard] Jaccard Coefficient External Evaluation
                Spearman correlation: 0,004894871539922016
                Pearson correlation: 0,1386917244209332
        For distance: Edge Path Distance Calculator
            With values: [2,0, 2,0, 2,0, 1,3611111111111112, 2,0, 2,0, 2,0, 1,1125369292536007E-308, 2,0, 2,0, 2,0, 2,0, 2,0, 2,0, 2,5681330498033083E307, 2,0, 2,0, 2,0, 2,0, 2,0, 2,0, 1,7120886998688722E307, 2,9961552247705263E307, 2,0, 2,0, 2,0, 1,089510990825646E307, 2,0, 2,0, 2,0]
            Calculating correlation with: [Jaccard] Jaccard Coefficient External Evaluation
                Spearman correlation: 0,1620630417931035
                Pearson correlation: NaN
        For distance: Adjacency Relation Distance Calculator
            With values: [1,8369831747100869, 1,7105831268446967, 2,0457030010382486, 2,1844966132409134, 1,929313169711022, 1,659706369318964, 1,9200675065057413, 1,9453299011265064, 1,7725057265530442, 1,914768242490526, 2,006687994136222, 2,255615593693323, 2,2167479414233067, 1,7423752781893755, 1,9758066419636, 2,0876375621030876, 1,6845184493300291, 1,6565519774107447, 2,05159890455199, 1,8938451069417432, 1,8711004032871579, 1,7772998130777555, 1,8527650731001684, 2,482315647089661, 3,0931493307056575, 2,2237427569593384, 1,8640642697937548, 1,9379142027176262, 1,771436678729675, 1,9550055497491]
            Calculating correlation with: [Jaccard] Jaccard Coefficient External Evaluation
                Spearman correlation: -0,1586383367253335
                Pearson correlation: -0,061264786579751464
        For distance: Pearson Correlation Distance Calculator
            With values: [2,7400270886961917, 1,6919411494515706, 1,9229612989197504, 3,1555567232166575, 2,155662728226977, 2,036548117413042, 1,8661427675723647, 1,4131678464172168, 2,0060354522164294, 1,459471158016843, 2,197901429397521, 1,922593504978272, 1,688600006667234, 1,6781182358136846, 1,4059318645354033, 2,1021603010004535, 1,8116099986431158, 1,479209059502789, 2,410668830670488, 1,8636064262206755, 1,5900262892012322, 2,0272546275011845, 1,6847569947678205, 1,8111054126428994, 1,4703039042667208, 3,306068086757361, 2,092867344877254, 1,7460262176981927, 1,7023386018580093, 1,5025079779442516]
            Calculating correlation with: [Jaccard] Jaccard Coefficient External Evaluation
                Spearman correlation: -0,008232283953488219
                Pearson correlation: 0,14018718489096574
    For criteria : Silhouette Width Criteria 2 Calculator
        For distance: Neighbour Overlap Distance Calculator
            With values: [-0,007964791835737409, -0,0028212604870063353, -0,007093056200452818, -0,013591886216133714, -0,006292605100871396, -0,0024459462584367877, -0,009457506239509375, -0,003277009728622636, -0,012977237479028483, -0,01195040400874299, -0,004734503220317957, -0,007922968256606289, -0,002650962473151971, -0,011006635555064457, -0,014282081459894798, -0,004432326451142801, -0,021187544923519548, 0,0015946307495891634, -0,0016075102880658415, -0,0018675226597441928, -0,0058729316700960234, -0,0026190476190476155, -0,024179695237858886, -0,009938209666470531, -0,0027183293181965718, 0,0022548783374505546, -0,004899596412718185, -0,004425918211168373, -0,00791549632554573, -0,004477543407695721]
            Calculating correlation with: [Jaccard] Jaccard Coefficient External Evaluation
                Spearman correlation: 0,14528868707102768
                Pearson correlation: 0,03838896433929214
        For distance: Edge Path Distance Calculator
            With values: [-0,49537037037037035, -0,6145833333333333, -0,507638888888889, -0,45138888888888884, -0,6730737433862434, -0,39930555555555547, -0,4731691919191919, -0,54375, -0,5833333333333333, -0,4865740740740741, -0,4771073833573834, -0,17708333333333331, -0,3125, -0,43472222222222223, -0,22552910052910052, -0,5800189393939393, -0,441358024691358, -0,5833333333333333, -0,6319444444444444, -0,5597643097643097, -0,5849867724867724, -0,7541035353535352, -0,6111111111111109, -0,37604166666666666, -0,48224206349206356, -0,375, -0,8497474747474747, -0,6217948717948718, -0,4583333333333333, -0,42465277777777777]
            Calculating correlation with: [Jaccard] Jaccard Coefficient External Evaluation
                Spearman correlation: -0,2278593680462838
                Pearson correlation: -0,25159036198800244
        For distance: Adjacency Relation Distance Calculator
            With values: [-6,536608815569528E-4, -0,007291718523981885, -0,013255637801637854, -0,017194447254897112, -0,007684839698326067, -0,0020528772826166304, -0,00802717963808718, -0,0065410180864884345, -0,009056339214343827, -0,015667861984018348, -0,009863712086189767, -0,009904669681626507, -0,004632044523137183, -0,013566261648918925, -0,011405717563582815, 0,005806829364880767, -0,029981814620101733, -0,004657004079469705, -0,004865787666841921, -0,002442778646559124, -0,008757296665209555, -6,04812940217529E-4, -0,015843875821307522, -0,001007392573129377, -0,006928353298465414, -0,012551289791088766, -0,012013835812993196, -0,008813610127268967, -0,03340382775806512, -0,013344426157699202]
            Calculating correlation with: [Jaccard] Jaccard Coefficient External Evaluation
                Spearman correlation: 0,19557236743557976
                Pearson correlation: 0,24784873585883818
        For distance: Pearson Correlation Distance Calculator
            With values: [-0,004202075349682618, -0,008107135244925229, -0,009175161452250238, -0,015579972221703613, -0,008558631739211002, -0,010263236812341377, -0,01662872040631906, -0,0012873852692443762, -0,012156580493693324, -0,007636694673097353, -0,004366750777142077, -0,005120225338331593, -0,00830352935586762, -0,009237064985907161, -0,017594618640852936, -0,004699007661109186, -0,027730536116425765, 4,5638170723389174E-4, -0,004167962750659582, -0,002044864448494612, -0,004764554047046175, 0,0, -0,02085972913075833, -0,009083679022314307, 9,747953426795771E-4, -5,906966252353844E-4, -0,013643407793385257, -0,013283025522230204, -0,015896902196298808, -0,005912500001160018]
            Calculating correlation with: [Jaccard] Jaccard Coefficient External Evaluation
                Spearman correlation: 0,10368227898177518
                Pearson correlation: 0,10470490248287974
    For criteria : Variance Ratio Criteria Calculator
        For distance: Neighbour Overlap Distance Calculator
            With values: [9,323288039822412, 12,239851638161962, 6,807421625079975, 8,944099378881985, 11,541039274384522, 12,806626314112775, 11,123863335393304, 12,542880165764938, 11,506849315068493, 7,925062335736909, 8,7047562069997, 10,14081730979808, 11,457670273711011, 13,600791580462353, 8,73362445414847, 8,772540555594233, 6,467162080739103, 6,329345145675403, 8,544989171096672, 12,77400263042525, 11,4140773620799, 11,11783391317501, 8,453107567106384, 10,398974871315945, 12,356270212001437, 11,673872760963558, 7,18398054912035, 13,271889400921657, 11,619022526676325, 10,550670985654788]
            Calculating correlation with: [Jaccard] Jaccard Coefficient External Evaluation
                Spearman correlation: 0,10501724394720528
                Pearson correlation: 0,03647603741794144
        For distance: Edge Path Distance Calculator
            With values: [10,0, 10,0, 10,0, 120,0, 10,0, 10,0, 10,0, 10,0, 10,0, 10,0, 10,0, 10,0, 10,0, 10,0, 80,0, 10,0, Infinity, Infinity, 10,0, 10,0, 10,0, 70,0, 40,0, 10,0, 10,0, Infinity, 110,0, 10,0, 10,0, 10,0]
            Calculating correlation with: [Jaccard] Jaccard Coefficient External Evaluation
                Spearman correlation: 0,14501301203339076
                Pearson correlation: NaN
        For distance: Adjacency Relation Distance Calculator
            With values: [6,869574248326592, 10,413977525553742, 6,513894515846408, 6,18586038310185, 9,374177717553916, 10,496084208940726, 9,579146849055359, 8,351480067729804, 5,728853791331005, 6,544067039621435, 9,105859663217108, 10,06623188608257, 5,638852073745987, 10,273464055455001, 6,373417264639295, 10,398600584402242, 10,260163785259937, 10,355387304830579, 4,919717622446872, 7,9724348092721, 7,293863557356353, 6,553968931494235, 7,095352175069543, 6,260853378430501, 9,00100307755437, 4,543423342934195, 6,076062671947373, 7,110364355140489, 9,782103852723019, 6,167162089875208]
            Calculating correlation with: [Jaccard] Jaccard Coefficient External Evaluation
                Spearman correlation: -0,07475803806411312
                Pearson correlation: -0,13292989836495606
        For distance: Pearson Correlation Distance Calculator
            With values: [7,744930614605769, 12,122055556440891, 8,944585906167978, 8,338973288322354, 7,7899175341274844, 10,388930048208403, 10,634769506082337, 12,522510030281538, 10,395194710165477, 10,066689044222572, 7,437176993690438, 7,14960469024313, 10,23349355183571, 8,3086646647808, 9,236976747545025, 9,615452338191497, 6,090645847910122, 9,043446241120325, 5,635710071736625, 9,167091574283203, 10,447346409034875, 6,435718987546113, 8,839467407293782, 9,845226134631375, 12,64531118698898, 4,305218160813433, 5,597473107616951, 8,85665850521669, 10,752271970377024, 11,445061753431936]
            Calculating correlation with: [Jaccard] Jaccard Coefficient External Evaluation
                Spearman correlation: -0,021804427768698346
                Pearson correlation: -0,12762687963851244
    For criteria : PBM Criteria Calculator
        For distance: Neighbour Overlap Distance Calculator
            With values: [0,01883492533297457, 0,019232090116079403, 0,017914267434420983, 0,0186335403726708, 0,018765917519324424, 0,01911436763300414, 0,018539772225655508, 0,019339242546333603, 0,0182648401826484, 0,01886919603746883, 0,01794795094226742, 0,018396040471289034, 0,019096117122851686, 0,01888998830619771, 0,019408054342552158, 0,019494534567987182, 0,018745397335475658, 0,01917983377477395, 0,018376320798057358, 0,018412976764576934, 0,019023462270133164, 0,021176826501285734, 0,018376320798057354, 0,01824381556371218, 0,01886453467481135, 0,018529956763434215, 0,0192673807830814, 0,0184331797235023, 0,01844289289948623, 0,01850994909763998]
            Calculating correlation with: [Jaccard] Jaccard Coefficient External Evaluation
                Spearman correlation: 0,2872399617284798
                Pearson correlation: 0,4592879514434773
        For distance: Edge Path Distance Calculator
            With values: [0,013888888888888888, 0,013888888888888888, 0,013888888888888888, 0,3333333333333333, 0,013888888888888888, 0,013888888888888888, 0,013888888888888888, 2,4967960206421053E306, 2,4967960206421053E306, 0,013888888888888888, 2,4967960206421053E306, 0,013888888888888888, 2,4967960206421053E306, 2,4967960206421053E306, 0,3333333333333333, 0,013888888888888888, 2,4967960206421053E306, 2,4967960206421053E306, 0,013888888888888888, 0,013888888888888888, 2,4967960206421053E306, 0,3333333333333333, 0,3333333333333333, 0,013888888888888888, 0,013888888888888888, 2,4967960206421053E306, 0,3333333333333333, 0,013888888888888888, 0,013888888888888888, 0,013888888888888888]
            Calculating correlation with: [Jaccard] Jaccard Coefficient External Evaluation
                Spearman correlation: 0,25234253345556507
                Pearson correlation: NaN
        For distance: Adjacency Relation Distance Calculator
            With values: [0,018559494944395506, 0,01764889961295741, 0,015669994800819792, 0,017437264879583164, 0,017758834490047323, 0,017680332448152796, 0,017717746461426168, 0,01749113671275187, 0,01948995638856919, 0,017853473185015588, 0,017112282643556756, 0,017059563994860416, 0,018291708702269822, 0,017305335616483546, 0,016354196326210244, 0,01839979096599206, 0,01738822656513513, 0,017876335225007388, 0,015780001631425816, 0,01741366817394161, 0,018046941729073063, 0,02024941137502972, 0,019487214047303688, 0,013043444538396877, 0,01705187683815376, 0,013767949524043014, 0,016704840091723107, 0,017366751782163483, 0,015688056368362527, 0,017416937426765693]
            Calculating correlation with: [Jaccard] Jaccard Coefficient External Evaluation
                Spearman correlation: 0,4118366918353337
                Pearson correlation: 0,30218498893784146
        For distance: Pearson Correlation Distance Calculator
            With values: [0,020733602545872955, 0,02275754872275976, 0,019284116810113872, 0,01886324477623952, 0,01987227140308611, 0,01939898583906911, 0,018856626205284114, 0,022707335609832423, 0,0198745216691388, 0,019616553076339215, 0,01836516191308913, 0,020084855315378423, 0,020651939566556508, 0,01978253491614477, 0,020807201444316074, 0,022585531268777343, 0,019305014666099074, 0,021242299123739775, 0,02090007592659021, 0,01913906077511247, 0,021143184029071175, 0,021386154279287438, 0,020376536837730427, 0,019966243544072695, 0,022356561397212805, 0,020633026779402056, 0,019642934514993014, 0,019490770373097238, 0,019911614759957452, 0,018965636528974313]
            Calculating correlation with: [Jaccard] Jaccard Coefficient External Evaluation
                Spearman correlation: 0,4385359911439453
                Pearson correlation: 0,45118912128018296
    For criteria : Dunn Index Criteria Calculator
        For distance: Neighbour Overlap Distance Calculator
            With values: [0,33333333333333337, 0,5, 0,0, 0,5, 0,5, 0,5, 0,33333333333333337, 0,6666666666666667, 0,5, 0,33333333333333337, 0,0, 0,33333333333333337, 0,5, 0,5, 0,0, 0,0, 0,6666666666666667, 0,6666666666666667, 0,33333333333333337, 0,5, 0,5, 0,6666666666666667, 0,0, 0,5, 0,0, 0,6666666666666667, 0,6666666666666667, 0,6666666666666667, 0,0, 0,33333333333333337]
            Calculating correlation with: [Jaccard] Jaccard Coefficient External Evaluation
                Spearman correlation: 0,1954696073359726
                Pearson correlation: 0,013856137927357952
        For distance: Edge Path Distance Calculator
            With values: [5,562684646268003E-309, 5,562684646268003E-309, 5,562684646268003E-309, 5,562684646268003E-309, 5,562684646268003E-309, 5,562684646268003E-309, 5,562684646268003E-309, 5,562684646268003E-309, 5,562684646268003E-309, 5,562684646268003E-309, 5,562684646268003E-309, 5,562684646268003E-309, 5,562684646268003E-309, 5,562684646268003E-309, 5,562684646268003E-309, 5,562684646268003E-309, 5,562684646268003E-309, 5,562684646268003E-309, 5,562684646268003E-309, 5,562684646268003E-309, 5,562684646268003E-309, 5,562684646268003E-309, 5,562684646268003E-309, 5,562684646268003E-309, 5,562684646268003E-309, 5,562684646268003E-309, 5,562684646268003E-309, 5,562684646268003E-309, 5,562684646268003E-309, 5,562684646268003E-309]
            Calculating correlation with: [Jaccard] Jaccard Coefficient External Evaluation
                Spearman correlation: NaN
                Pearson correlation: NaN
        For distance: Adjacency Relation Distance Calculator
            With values: [0,3333333333333333, 0,47140452079103173, 0,0, 0,4264014327112209, 0,47140452079103173, 0,47140452079103173, 0,31622776601683794, 0,47140452079103173, 0,4472135954999579, 0,30151134457776363, 0,0, 0,31622776601683794, 0,4264014327112209, 0,31622776601683794, 0,0, 0,0, 0,4264014327112209, 0,47140452079103173, 0,3333333333333333, 0,4472135954999579, 0,4472135954999579, 0,47140452079103173, 0,0, 0,4472135954999579, 0,0, 0,4264014327112209, 0,4472135954999579, 0,4472135954999579, 0,0, 0,30151134457776363]
            Calculating correlation with: [Jaccard] Jaccard Coefficient External Evaluation
                Spearman correlation: 0,05053202005712336
                Pearson correlation: -0,0801830633513662
        For distance: Pearson Correlation Distance Calculator
            With values: [0,38299779551791946, 0,4707189910071825, 0,2779701850416349, 0,3980027649459771, 0,3680152124065266, 0,44366972898361584, 0,3065927231995796, 0,3646632325268669, 0,45576124791686873, 0,35966063252770464, 0,2779701850416349, 0,35632102307984176, 0,3271284140847719, 0,42382781933355995, 0,2960067309631213, 0,3127128439056031, 0,48021030084253813, 0,3646632325268669, 0,40461353515946524, 0,34835467136117465, 0,34835467136117465, 0,5302529302277884, 0,3065927231995796, 0,46150652308421103, 0,3127128439056031, 0,4642926911730053, 0,5877658879948395, 0,5230637826690001, 0,2779701850416349, 0,35966063252770464]
            Calculating correlation with: [Jaccard] Jaccard Coefficient External Evaluation
                Spearman correlation: 0,1495546250483496
                Pearson correlation: 0,06566112166369387
    For criteria : Z-Statistics Criteria Calculator
        For distance: Neighbour Overlap Distance Calculator
            With values: [73,98976422600985, 71,11523339646556, 75,99159862805057, 88,48169351188616, 71,35974742968408, 73,78749347088795, 84,75782430272734, 77,43433081998815, 84,35924654939161, 77,86869111477061, 81,04091280996091, 75,14723004585912, 81,7103445228579, 77,97106894168724, 69,8071827146951, 77,74792503738828, 85,35171509479258, 88,67303071267703, 85,22299734153323, 78,57937214627964, 70,12425579029143, 71,67880842424971, 89,96468106295116, 75,98712581036978, 75,31322127979202, 89,2182174899956, 90,619700363321, 94,15769914885446, 84,64004010379894, 75,20140083777132]
            Calculating correlation with: [Jaccard] Jaccard Coefficient External Evaluation
                Spearman correlation: 0,2603181682589631
                Pearson correlation: 0,17462834562589008
        For distance: Edge Path Distance Calculator
            With values: [6,752825850602056, 7,376163621426861, 5,506150308952446, 7,376163621426861, 7,999501392251665, 4,2594747673028355, 6,752825850602056, 6,752825850602056, 5,506150308952446, 5,506150308952446, 6,752825850602056, 3,0127992256532248, 4,2594747673028355, 6,129488079777251, 2,3894614548284197, 9,246176933901276, 6,129488079777251, 4,882812538127641, 7,376163621426861, 6,129488079777251, 7,376163621426861, 11,739528017200495, 6,752825850602056, 3,63613699647803, 6,129488079777251, 6,129488079777251, 8,62283916307647, 6,752825850602056, 6,752825850602056, 5,506150308952446]
            Calculating correlation with: [Jaccard] Jaccard Coefficient External Evaluation
                Spearman correlation: 0,360344887862521
                Pearson correlation: 0,49176757803583393
        For distance: Adjacency Relation Distance Calculator
            With values: [71,13763694624241, 69,38286698155352, 75,72209260303154, 89,43885612002448, 69,01960017349417, 73,36068374961417, 81,65042138958259, 74,48880042097319, 80,03242555510289, 77,10154797572604, 79,4902728164269, 73,97195005026147, 80,79531877084952, 76,12962199455411, 70,14615533274397, 73,48811162175633, 85,52140124287459, 86,19324201626208, 80,08233519939013, 77,04863927601428, 68,694359007756, 68,43228147070839, 85,66257813465502, 73,59066705052321, 72,21873626400813, 90,62391891882358, 89,6407774091106, 92,3878076232575, 86,4188750118397, 75,00203553264949]
            Calculating correlation with: [Jaccard] Jaccard Coefficient External Evaluation
                Spearman correlation: 0,1492935819673197
                Pearson correlation: 0,08354125429539253
        For distance: Pearson Correlation Distance Calculator
            With values: [66,24736849602819, 64,52918604342102, 68,40258195484097, 81,26823080257222, 64,92101811943384, 67,64634533734225, 76,86347107483228, 70,08997775005112, 76,15382869681234, 71,08273709434637, 73,68098828530354, 67,91875991978483, 73,72059302482889, 70,3621354472508, 62,68925548835546, 69,1716306027617, 77,75119239235363, 79,53891634791076, 76,84750840246575, 71,1494221175493, 63,15711141787371, 64,85660173552112, 80,06567668851417, 69,29246017273864, 67,58162986117776, 80,78264920499066, 82,30617574811484, 86,57633811367873, 77,42918482182517, 67,87081099045464]
            Calculating correlation with: [Jaccard] Jaccard Coefficient External Evaluation
                Spearman correlation: 0,1949048849528645
                Pearson correlation: 0,12424158546972623
    For criteria : Point Biserial Criteria Calculator
        For distance: Neighbour Overlap Distance Calculator
            With values: [-30,09336344629889, -31,593854939319645, -29,137492730770873, -23,30777814566373, -31,266566308690145, -30,291553318594556, -25,147797887688554, -28,630608615824997, -25,300904445955396, -28,401187853842153, -26,72568130494455, -29,489171764548313, -26,718374207425097, -28,347113852734086, -32,07185554928199, -28,62010698858424, -24,829235122269697, -23,348369117807376, -24,898279269753793, -28,025819787897692, -31,90739507056957, -31,670564959673232, -22,506893665957367, -29,139834680103533, -29,402525125774297, -23,052115940826496, -22,290553535096308, -20,445593221859777, -25,150647332403754, -29,551237112876773]
            Calculating correlation with: [Jaccard] Jaccard Coefficient External Evaluation
                Spearman correlation: 0,232283903984921
                Pearson correlation: 0,1516686731903754
        For distance: Edge Path Distance Calculator
            With values: [-8,74965586367792, -6,999724690942334, -12,287081527752443, -7,241803966993043, -5,216483528667396, -15,797676249967429, -8,991099962880513, -8,853337164446426, -12,557417924847087, -12,394672030224996, -8,853337164446426, -19,249242900091417, -16,14525161766054, -10,624004597335711, -20,865934114669585, -1,7803174897676155, -10,789319955456616, -14,573440430862657, -7,19287997030441, -10,624004597335711, -6,955311371556528, 5,3120022986678554, -9,052254958741305, -17,552973611074922, -10,499587036413502, -10,930080323146994, -3,6433601077156643, -9,14309323184193, -8,969584232033634, -12,287081527752443]
            Calculating correlation with: [Jaccard] Jaccard Coefficient External Evaluation
                Spearman correlation: 0,3238370879229821
                Pearson correlation: 0,4825946277348119
        For distance: Adjacency Relation Distance Calculator
            With values: [-30,685331483552563, -31,613949164605618, -28,34591215102949, -21,726675018438314, -31,60437802882781, -29,599392920962252, -25,815239520173535, -29,25450745165997, -26,631222983962314, -27,855467108459344, -26,57638355717385, -29,185423623835383, -26,217354982657756, -28,375901490185562, -31,01199196206376, -29,95269939084548, -23,710203549342406, -23,649420314120672, -26,667963626425703, -27,88379797619601, -31,775402353149154, -32,49757405997639, -23,794179780342137, -29,47731340699839, -30,1132177810995, -21,2085878389606, -21,750194410001253, -20,3139526439188, -23,166587281958677, -28,72813215061652]
            Calculating correlation with: [Jaccard] Jaccard Coefficient External Evaluation
                Spearman correlation: 0,09722994831552721
                Pearson correlation: 0,05162333957935868
        For distance: Pearson Correlation Distance Calculator
            With values: [-30,49042723380269, -31,47639980110847, -29,34337283527469, -22,627142551305738, -31,053257060908113, -29,778667142056708, -25,071683419295024, -28,62053496288801, -25,429148307108846, -28,044093027203544, -26,535428359863673, -29,531305523210392, -26,860548488034997, -28,462507631605018, -32,32581970923921, -29,312656457033988, -24,548210697310715, -23,80053252779755, -25,081096309792247, -28,00537262222612, -32,0590458272796, -31,659274832037017, -23,341089573113617, -28,83115362634337, -29,724766345078482, -23,05755822071433, -22,1474422973013, -19,671197415778266, -24,67889422810282, -29,649463373544243]
            Calculating correlation with: [Jaccard] Jaccard Coefficient External Evaluation
                Spearman correlation: 0,17999777617222298
                Pearson correlation: 0,09537439469140381
