
########### DATASET ###########
########### Zahary Karate Dataset - Weightened Undirected, ############
External evaluation: [Jaccard] Jaccard Coefficient External Evaluation
With values: [0,3132530120481928, 0,31654676258992803, 0,31026252983293556, 0,32, 0,3132530120481928, 0,3220338983050847, 0,3159144893111639, 0,30935251798561153, 0,3357664233576642, 0,31654676258992803, 0,30935251798561153, 0,3069544364508393, 0,335632183908046, 0,3220338983050847, 0,3220338983050847, 0,3411764705882353, 0,3262411347517731, 0,3220338983050847, 0,3220338983050847, 0,3159144893111639, 0,34532374100719426, 0,3132530120481928, 0,3262411347517731, 0,3220338983050847, 0,3357664233576642, 0,3220338983050847, 0,3132530120481928, 0,3783783783783784, 0,3159144893111639, 0,30935251798561153]
With average: 0,322596224659435

    For criteria : Modularity Q Criteria Calculator
        For distance: Neighbour Overlap Distance Calculator
            With values: [0,030288975094169873, -0,0060624800884541245, 0,002651749404996152, 0,05032701785948538, 0,0053831449935346, 0,0065450422593279515, 0,00811922565169319, -0,012228031708551202, 0,021106238638706157, 0,05872266261876648, -0,017330072524877758, 0,010592942411124202, 1,9677292404565402E-4, 0,019574220872922175, 0,05229474709994191, 0,030270234815689346, 0,03679653679653678, -0,01116452090478068, 0,013333708138902925, 0,01767676767676766, -0,005837596746687642, 0,002853207398661945, 0,004357114746725109, -0,0031952174809317686, 0,002707970240437755, 0,017508105170442826, 0,015709038436311135, 0,03734000487247239, -0,008915687487116065, 0,021673132062742455]
            Calculating correlation with: [Jaccard] Jaccard Coefficient External Evaluation
                Spearman correlation: 0,19859374557599607
                Pearson correlation: 0,21400993640039218
        For distance: Edge Path Distance Calculator
            With values: [0,030288975094169873, -0,0060624800884541245, 0,002651749404996152, 0,05032701785948538, 0,0053831449935346, 0,0065450422593279515, 0,00811922565169319, -0,012228031708551202, 0,021106238638706157, 0,05872266261876648, -0,017330072524877758, 0,010592942411124202, 1,9677292404565402E-4, 0,019574220872922175, 0,05229474709994191, 0,030270234815689346, 0,03679653679653678, -0,01116452090478068, 0,013333708138902925, 0,01767676767676766, -0,005837596746687642, 0,002853207398661945, 0,004357114746725109, -0,0031952174809317686, 0,002707970240437755, 0,017508105170442826, 0,015709038436311135, 0,03734000487247239, -0,008915687487116065, 0,021673132062742455]
            Calculating correlation with: [Jaccard] Jaccard Coefficient External Evaluation
                Spearman correlation: 0,19859374557599607
                Pearson correlation: 0,21400993640039218
        For distance: Adjacency Relation Distance Calculator
            With values: [0,030288975094169873, -0,0060624800884541245, 0,002651749404996152, 0,05032701785948538, 0,0053831449935346, 0,0065450422593279515, 0,00811922565169319, -0,012228031708551202, 0,021106238638706157, 0,05872266261876648, -0,017330072524877758, 0,010592942411124202, 1,9677292404565402E-4, 0,019574220872922175, 0,05229474709994191, 0,030270234815689346, 0,03679653679653678, -0,01116452090478068, 0,013333708138902925, 0,01767676767676766, -0,005837596746687642, 0,002853207398661945, 0,004357114746725109, -0,0031952174809317686, 0,002707970240437755, 0,017508105170442826, 0,015709038436311135, 0,03734000487247239, -0,008915687487116065, 0,021673132062742455]
            Calculating correlation with: [Jaccard] Jaccard Coefficient External Evaluation
                Spearman correlation: 0,19859374557599607
                Pearson correlation: 0,21400993640039218
        For distance: Pearson Correlation Distance Calculator
            With values: [0,030288975094169873, -0,0060624800884541245, 0,002651749404996152, 0,05032701785948538, 0,0053831449935346, 0,0065450422593279515, 0,00811922565169319, -0,012228031708551202, 0,021106238638706157, 0,05872266261876648, -0,017330072524877758, 0,010592942411124202, 1,9677292404565402E-4, 0,019574220872922175, 0,05229474709994191, 0,030270234815689346, 0,03679653679653678, -0,01116452090478068, 0,013333708138902925, 0,01767676767676766, -0,005837596746687642, 0,002853207398661945, 0,004357114746725109, -0,0031952174809317686, 0,002707970240437755, 0,017508105170442826, 0,015709038436311135, 0,03734000487247239, -0,008915687487116065, 0,021673132062742455]
            Calculating correlation with: [Jaccard] Jaccard Coefficient External Evaluation
                Spearman correlation: 0,19859374557599607
                Pearson correlation: 0,21400993640039218
    For criteria : C Index Criteria Calculator
        For distance: Neighbour Overlap Distance Calculator
            With values: [0,5484408244106018, 0,4958109302217654, 0,5458840369667737, 0,5001356431621221, 0,5294610486256226, 0,46495432390928104, 0,47328212251978086, 0,5290876730586952, 0,5333259128460218, 0,47147858885106947, 0,4935917985737542, 0,4857013215675646, 0,5073343066577902, 0,49192569225258803, 0,5007368847772479, 0,5187979346177132, 0,4587166198960727, 0,5382266751377668, 0,5131323518023809, 0,5253475067437466, 0,4703470798114755, 0,5344917698123668, 0,46508124348086843, 0,4309335123539631, 0,5265735389624044, 0,4982542138639437, 0,5329883177171897, 0,3572672858933771, 0,5217206512472309, 0,5452895440726806]
            Calculating correlation with: [Jaccard] Jaccard Coefficient External Evaluation
                Spearman correlation: -0,41626146671578823
                Pearson correlation: -0,6030252264505416
        For distance: Edge Path Distance Calculator
            With values: [0,5090854482655061, 0,5513590629223615, 0,5061570806427399, 0,5676528007208296, 0,5324373028983338, 0,4807028082294645, 0,39420333383390943, 0,43047004054662913, 0,54377534164289, 0,5269559993993099, 0,478074786003905, 0,5174951193872961, 0,5166691695449774, 0,48333083045502395, 0,5716323772338197, 0,5385192971917712, 0,5545126895930327, 0,44466136056464983, 0,45284577263853487, 0,4896380837963664, 0,5069830304850584, 0,5366421384592288, 0,5256044451118793, 0,364544225859739, 0,42731641387595787, 0,4814536717224814, 0,5235020273314317, 0,45021775041297546, 0,3521549782249591, 0,4646343294789013]
            Calculating correlation with: [Jaccard] Jaccard Coefficient External Evaluation
                Spearman correlation: 0,09492107839395043
                Pearson correlation: -0,006550572357994287
        For distance: Adjacency Relation Distance Calculator
            With values: [0,512168157150308, 0,4958198828885519, 0,517620550079622, 0,5018968883204716, 0,5073458003062733, 0,4959495974352292, 0,46127512076966953, 0,5045644024198069, 0,4960503074939158, 0,4618176279151246, 0,5050508539778295, 0,4911236156087376, 0,5446017630022861, 0,48859072384881636, 0,4905702103997353, 0,5078585892359401, 0,4978312886081226, 0,5187707242681138, 0,4977105913254124, 0,4919742989332336, 0,501179252177866, 0,5087781829557375, 0,48486813004247153, 0,45286493834095914, 0,49854527579429087, 0,4982955968512523, 0,5110532031227725, 0,39703999185328903, 0,4936635098985493, 0,5165036408118161]
            Calculating correlation with: [Jaccard] Jaccard Coefficient External Evaluation
                Spearman correlation: -0,2484104817543814
                Pearson correlation: -0,4917311941925671
        For distance: Pearson Correlation Distance Calculator
            With values: [0,5408182391379817, 0,4985567573948183, 0,5269867908940284, 0,5202315677475381, 0,521196443938833, 0,48541528667150896, 0,48491854873404766, 0,5266154904241748, 0,5250676010245184, 0,4618091561141304, 0,48920150959881903, 0,49251456069709304, 0,5097125753147795, 0,48979662085421594, 0,4976244157348692, 0,5165687925552763, 0,452764514082565, 0,5177906166271555, 0,5178374882823711, 0,5234015508989113, 0,47302658458246427, 0,5301230983141841, 0,4797847806277563, 0,47346322384025585, 0,5088725491297152, 0,48785785566801704, 0,5273891483155347, 0,37462065624390445, 0,5222772543576765, 0,5361480336620099]
            Calculating correlation with: [Jaccard] Jaccard Coefficient External Evaluation
                Spearman correlation: -0,5190365350477726
                Pearson correlation: -0,6507543952034104
    For criteria : Davies Bouldin Criteria Calculator
        For distance: Neighbour Overlap Distance Calculator
            With values: [1,8271697026335554, 1,6615701222587542, 2,264353006859748, 2,1861308119331744, 2,6901078164037195, 1,5143891256236737, 1,561264476653132, 1,689498057333863, 1,7961097642392947, 1,7221658265289415, 1,837907436390044, 1,8474282965595428, 2,2432082668566515, 1,7936961673207157, 1,6436586678405551, 2,2450087236663916, 1,9988334296030865, 2,2703485952092235, 1,7428048668478384, 1,7052089199142664, 1,6434436582877539, 2,2083968421291056, 1,6650299167448082, 1,6437529921681435, 1,8760285940773198, 1,556953415309874, 1,776881003944153, 1,486413902428247, 1,682704660769874, 2,206002094846064]
            Calculating correlation with: [Jaccard] Jaccard Coefficient External Evaluation
                Spearman correlation: -0,2385368944037107
                Pearson correlation: -0,2076786977759718
        For distance: Edge Path Distance Calculator
            With values: [3,524888499730031E306, 3,1538476050216067E306, 2,365385703766205E306, 4,2802217496721805E306, 4,758599474635542E306, 2,0, 3,2101663122541354E306, 0,041666666666666664, 2,0, 2,0, 3,3290613608561404E306, 0,058823529411764705, 1,9540142770242564E306, 2,4967960206421053E306, 3,745194030963158E306, 2,0, 2,8534811664481203E306, 0,037037037037037035, 2,8088955232223686E306, 2,5681330498033084E306, 3,457102182427531E306, 3,524888499730031E306, 2,0, 2,0, 3,994873633027368E306, 2,0, 2,1149330998380187E306, 2,0, 2,0, 3,3290613608561404E306]
            Calculating correlation with: [Jaccard] Jaccard Coefficient External Evaluation
                Spearman correlation: -0,11352668359426779
                Pearson correlation: NaN
        For distance: Adjacency Relation Distance Calculator
            With values: [3,6799525284728034, 3,585054805373453, 8,205425602722, 3,903888497039242, 3,6318525357776212, 2,655562162383649, 8,37735935801316, 8,174149772393978, 3,6768330650644567, 8,307011416850699, 3,5591011760745, 3,8978248734798773, 3,5544810171390697, 3,6719214752753184, 2,654299566085319, 8,258918645347414, 3,604451309886455, 3,642725198353795, 3,655896872423491, 3,6676741274312317, 3,5386264834228083, 8,222431785151809, 3,5993577732751225, 3,5936923495109743, 3,6342861622023905, 8,152352793132518, 3,623144197463943, 3,101027045081919, 3,668047461722283, 8,19517850643209]
            Calculating correlation with: [Jaccard] Jaccard Coefficient External Evaluation
                Spearman correlation: -0,407958677352724
                Pearson correlation: -0,2609584789309119
        For distance: Pearson Correlation Distance Calculator
            With values: [1,8818900094988456, 1,765123428676099, 1,9199291682438067, 3,4328134812054407, 1,8372251828831896, 1,280597116531187, 1,9359822177436738, 1,8144904634610655, 1,795647430833354, 1,443313383802543, 1,305037363125699, 2,240701820081231, 3,453548238816919, 3,5024510894683845, 1,6630189170267173, 2,5698020459476836, 1,8482227966693952, 1,8624388550977844, 1,7714953495949628, 1,7673213447070815, 1,6371741286237382, 2,6138796914043665, 1,7506388135869027, 1,7044880285749908, 1,8421018965773899, 1,78707332346294, 1,8657227305054958, 1,2305347251757195, 1,742988655987185, 2,4372420229589364]
            Calculating correlation with: [Jaccard] Jaccard Coefficient External Evaluation
                Spearman correlation: -0,2102625306267892
                Pearson correlation: -0,08756267053149638
    For criteria : Silhouette Width Criteria 2 Calculator
        For distance: Neighbour Overlap Distance Calculator
            With values: [-0,040889686037229644, -0,18015618964097968, -0,16741641469207014, -0,22664575863143147, -0,04863143886417649, -0,11296420738135965, -0,20715652962009828, -0,11404778517027793, -0,1713126398349768, -0,1677243354677034, -0,12833131970266476, -0,07034317638251987, -0,23274314830720386, -0,12572986843711964, -0,11902542062204138, -0,23496457951241517, -0,22719766852697953, -0,11477100461744309, -0,1121202559329597, -0,20790385501109052, -0,23236333886401778, -0,04531930584326522, -0,23404131511914955, -0,12264189890909068, -0,1747457185711251, -0,10368855640581431, -0,04675397536822384, -0,23175041856862885, -0,20888214743238337, -0,10669798749158112]
            Calculating correlation with: [Jaccard] Jaccard Coefficient External Evaluation
                Spearman correlation: -0,616426010279391
                Pearson correlation: -0,5572588490134293
        For distance: Edge Path Distance Calculator
            With values: [-0,22963877402812977, -0,15659214557923593, -0,248219230492172, -0,23448857565004028, -0,26884875251152063, -0,3408593043768623, -0,4076340328955595, -0,33577921914430797, -0,20854504961207646, -0,2676255315554681, -0,2799340796093331, -0,21960362878189182, -0,27556284217280486, -0,27045403167460497, -0,2151438828856485, -0,27156679921385807, -0,22683130625345913, -0,3679700546945095, -0,3219170048531854, -0,20958811755019302, -0,25225678498400966, -0,31842687567545247, -0,27003286521709274, -0,4605166989641918, -0,3029820345477216, -0,3594771814756758, -0,1960663959037275, -0,32085599451777685, -0,4650368186823985, -0,30141723728254327]
            Calculating correlation with: [Jaccard] Jaccard Coefficient External Evaluation
                Spearman correlation: -0,07135910857984924
                Pearson correlation: -0,03208643538495732
        For distance: Adjacency Relation Distance Calculator
            With values: [-0,04557391309339651, -0,1552156768943069, -0,16110478469831235, -0,22469342486635732, -0,05813516538587675, -0,14962327442275689, -0,18312728091674577, -0,07645113049156418, -0,15202735282693167, -0,15130475081821804, -0,16620651500246827, -0,11205987615588499, -0,23611496569650262, -0,11022917854477349, -0,08944494404723272, -0,23327308543865674, -0,2304091245096881, -0,11759175722853021, -0,08181669099006832, -0,19314166223803048, -0,22644589886734645, -0,07081792880915036, -0,22569043078552145, -0,1128412480885052, -0,15951323431419126, -0,09688382907470383, -0,0741438675763321, -0,21355303129100262, -0,19120385335795936, -0,1156548852823796]
            Calculating correlation with: [Jaccard] Jaccard Coefficient External Evaluation
                Spearman correlation: -0,5132021425223763
                Pearson correlation: -0,5174071553773162
        For distance: Pearson Correlation Distance Calculator
            With values: [-0,03924230209462106, -0,18648779113548924, -0,1626014399131659, -0,22441340661328632, -0,06615574666471759, -0,11013331289817434, -0,1960084160099308, -0,11332391233148807, -0,17308982392693764, -0,15747870354350163, -0,1473166910287432, -0,08954898589367742, -0,232399015238422, -0,1404608715465237, -0,11758758676301635, -0,23392530995665742, -0,22337318038522813, -0,12576479994701376, -0,10322919836498512, -0,2122322656650856, -0,2324245113660402, -0,04287570037795631, -0,23992973258043507, -0,11828114401145558, -0,1739959115621148, -0,0983264856484302, -0,05192103408997527, -0,22726130222803403, -0,20693892388264257, -0,1023549982385262]
            Calculating correlation with: [Jaccard] Jaccard Coefficient External Evaluation
                Spearman correlation: -0,6085720203413575
                Pearson correlation: -0,5451458763275602
    For criteria : Variance Ratio Criteria Calculator
        For distance: Neighbour Overlap Distance Calculator
            With values: [17,51342524664098, 32,634814543177434, 15,791568946043595, 17,969307038377213, 31,333357487059168, 36,61145086278372, 36,88271947568245, 17,817455131029956, 15,698935371598692, 16,484273778839356, 18,370217284087737, 28,759558256416796, 19,14720673179193, 18,84486723338378, 33,26533974796102, 18,37911663373849, 12,296193038882194, 14,921590635793471, 31,84562131359409, 31,588370170053487, 36,01620249671636, 31,49798652765871, 32,02903561808278, 20,68933435239517, 28,272057398696038, 26,10094470035881, 32,53552971614714, 38,95599081633624, 32,0361395574806, 32,46317841377669]
            Calculating correlation with: [Jaccard] Jaccard Coefficient External Evaluation
                Spearman correlation: 0,06776871317960592
                Pearson correlation: 0,17459005924719612
        For distance: Edge Path Distance Calculator
            With values: [1,8156602685418763E-305, 1,8156602685418763E-305, 2,420880358055835E-305, 1,2104401790279176E-305, 1,3449335322532418E-305, 32,0, 2,420880358055835E-305, 1,8156602685418763E-305, 32,0, 32,0, 1,8156602685418763E-305, 1,8156602685418763E-305, 2,420880358055835E-305, 2,420880358055835E-305, 1,8156602685418763E-305, 32,0, 1,8156602685418763E-305, 1,8156602685418763E-305, 2,420880358055835E-305, 3,026100447569794E-305, 2,420880358055835E-305, 1,8156602685418763E-305, 32,0, 32,0, 1,8156602685418763E-305, 32,0, 3,026100447569794E-305, 32,0, 32,0, 1,8156602685418763E-305]
            Calculating correlation with: [Jaccard] Jaccard Coefficient External Evaluation
                Spearman correlation: 0,43261870980308903
                Pearson correlation: 0,3946407867225429
        For distance: Adjacency Relation Distance Calculator
            With values: [12,584628387915062, 10,043158710456712, 4,362663747730162, 6,3122277138323195, 8,810930423183725, 12,639021796643938, 3,220298927288864, 4,161067784900056, 13,263063589410416, 3,43863762302302, 9,447208734120323, 8,209706961880826, 11,80403326187145, 12,908970561106534, 13,357326774877928, 4,983781438966151, 13,966688481144534, 12,408858358856179, 13,033308434507857, 10,328691914174835, 6,927395841128267, 3,891792700279508, 14,111876383629694, 8,492785762724072, 12,215613820530487, 3,7040762096626523, 8,832107764962469, 8,239531804485205, 10,367320237056257, 4,127954622537187]
            Calculating correlation with: [Jaccard] Jaccard Coefficient External Evaluation
                Spearman correlation: 0,3861919052387448
                Pearson correlation: 0,17154278889811722
        For distance: Pearson Correlation Distance Calculator
            With values: [21,544401301245905, 28,4143927285356, 14,737524160917655, 11,454049373290006, 17,417570964154674, 28,85913302151311, 21,867582701916326, 22,080254062230203, 22,44731658026009, 27,867751164797607, 29,517573221449744, 29,78148859843842, 5,933821031816317, 9,622845350114286, 28,347541446634715, 8,666959838667148, 26,41134254736739, 16,14011876760759, 27,100268316436956, 27,348090470189813, 26,210125110613976, 12,242338507480149, 26,89154148037115, 27,313908932130968, 15,274655741082267, 25,620043185826773, 17,15153033019541, 28,14190384506546, 27,88711163088608, 12,372496459940171]
            Calculating correlation with: [Jaccard] Jaccard Coefficient External Evaluation
                Spearman correlation: -0,0837010927681883
                Pearson correlation: -0,00506666310165291
    For criteria : PBM Criteria Calculator
        For distance: Neighbour Overlap Distance Calculator
            With values: [0,016096898204633253, 0,017646820883854053, 0,012986487620101642, 0,013370020117840189, 0,010933303314661035, 0,01947320111218848, 0,0189293154243352, 0,01739985852639644, 0,016353057678748638, 0,017171118519624332, 0,01594636917021505, 0,015920382274459986, 0,013007613268880386, 0,01635839169564564, 0,017884785187909157, 0,01305334988191654, 0,014779078171733406, 0,012952769649126276, 0,016894867031120066, 0,01717989522199111, 0,017816521243457936, 0,013318151948418202, 0,017521032098373836, 0,017959491625343032, 0,01566841374297048, 0,018939346483425996, 0,016552467295557153, 0,0199860861311466, 0,017423422542907015, 0,013329458490597109]
            Calculating correlation with: [Jaccard] Jaccard Coefficient External Evaluation
                Spearman correlation: 0,23090730417819189
                Pearson correlation: 0,25182824648077623
        For distance: Edge Path Distance Calculator
            With values: [8,344026969402005E-309, 8,344026969402005E-309, 1,1125369292536007E-308, 5,562684646268003E-309, 6,180760718075557E-309, 0,014705882352941176, 1,1125369292536007E-308, 0,75, 0,014705882352941176, 0,014705882352941176, 8,344026969402005E-309, 0,5, 1,1125369292536007E-308, 1,1125369292536007E-308, 8,344026969402005E-309, 0,014705882352941176, 8,344026969402005E-309, 0,75, 1,1125369292536007E-308, 1,390671161567001E-308, 1,1125369292536007E-308, 8,344026969402005E-309, 0,014705882352941176, 0,014705882352941176, 8,344026969402005E-309, 0,014705882352941176, 1,390671161567001E-308, 0,014705882352941176, 0,014705882352941176, 8,344026969402005E-309]
            Calculating correlation with: [Jaccard] Jaccard Coefficient External Evaluation
                Spearman correlation: 0,14416784900319388
                Pearson correlation: -0,1987207415316595
        For distance: Adjacency Relation Distance Calculator
            With values: [0,007992430467055065, 0,008259176571099269, 0,0035877168978044097, 0,0075868121560484615, 0,00809828163895563, 0,011016850720585463, 0,0035940836242063217, 0,0036120380077257425, 0,008061059774096407, 0,003581914190648979, 0,008200702026146115, 0,007545686545846347, 0,008019044335510494, 0,008018259478014378, 0,01113125928778333, 0,003539617499265732, 0,008138708307365423, 0,008061940279554364, 0,00809549052654431, 0,00806929055794909, 0,008326196924433014, 0,0035770153495216063, 0,008223312613510017, 0,008293736096410226, 0,008123100491605386, 0,003617261923498684, 0,00811774610750227, 0,00990328341885241, 0,0080994689352002, 0,0035832939431746412]
            Calculating correlation with: [Jaccard] Jaccard Coefficient External Evaluation
                Spearman correlation: 0,3938214954642633
                Pearson correlation: 0,3121209202090752
        For distance: Pearson Correlation Distance Calculator
            With values: [0,015628843639865442, 0,01649758014169429, 0,015351587667622556, 0,008522358164650303, 0,01600879684205393, 0,02304676203238999, 0,015453840314566876, 0,016194018563058778, 0,016319789610418186, 0,02066007334117658, 0,022403860282883287, 0,013126139516776984, 0,008428723056557268, 0,00835316436641865, 0,01766582071951971, 0,01128510395659785, 0,016094517622282065, 0,015761834733991786, 0,016623247866744198, 0,01647389566108342, 0,01787774894921266, 0,011252149363492784, 0,016387140769915293, 0,0173526187356218, 0,015911099730294028, 0,016537351313305394, 0,01576427420054725, 0,024502446896401693, 0,016798590300005488, 0,012082516074160323]
            Calculating correlation with: [Jaccard] Jaccard Coefficient External Evaluation
                Spearman correlation: 0,21160892890188077
                Pearson correlation: 0,23782440413769215
    For criteria : Dunn Index Criteria Calculator
        For distance: Neighbour Overlap Distance Calculator
            With values: [0,25, 0,19999999999999996, 0,19999999999999996, 0,19999999999999996, 0,19999999999999996, 0,19999999999999996, 0,2857142857142857, 0,19999999999999996, 0,19999999999999996, 0,19999999999999996, 0,19999999999999996, 0,19999999999999996, 0,19999999999999996, 0,19999999999999996, 0,19999999999999996, 0,19999999999999996, 0,2857142857142857, 0,19999999999999996, 0,19999999999999996, 0,19999999999999996, 0,33333333333333337, 0,19999999999999996, 0,2857142857142857, 0,19999999999999996, 0,19999999999999996, 0,19999999999999996, 0,19999999999999996, 0,5, 0,2857142857142857, 0,19999999999999996]
            Calculating correlation with: [Jaccard] Jaccard Coefficient External Evaluation
                Spearman correlation: 0,30084514655097916
                Pearson correlation: 0,7086665192057948
        For distance: Edge Path Distance Calculator
            With values: [5,562684646268003E-309, 5,562684646268003E-309, 5,562684646268003E-309, 5,562684646268003E-309, 5,562684646268003E-309, 5,562684646268003E-309, 5,562684646268003E-309, 5,562684646268003E-309, 5,562684646268003E-309, 5,562684646268003E-309, 5,562684646268003E-309, 5,562684646268003E-309, 5,562684646268003E-309, 5,562684646268003E-309, 5,562684646268003E-309, 5,562684646268003E-309, 5,562684646268003E-309, 5,562684646268003E-309, 5,562684646268003E-309, 5,562684646268003E-309, 5,562684646268003E-309, 5,562684646268003E-309, 5,562684646268003E-309, 5,562684646268003E-309, 5,562684646268003E-309, 5,562684646268003E-309, 5,562684646268003E-309, 5,562684646268003E-309, 5,562684646268003E-309, 5,562684646268003E-309]
            Calculating correlation with: [Jaccard] Jaccard Coefficient External Evaluation
                Spearman correlation: NaN
                Pearson correlation: NaN
        For distance: Adjacency Relation Distance Calculator
            With values: [0,06622661785325219, 0,0657951694959769, 0,0657951694959769, 0,06622661785325219, 0,06622661785325219, 0,06622661785325219, 0,0936585811581694, 0,0657951694959769, 0,0657951694959769, 0,06900655593423542, 0,06622661785325219, 0,06622661785325219, 0,0657951694959769, 0,06622661785325219, 0,0657951694959769, 0,0663723311599972, 0,09304842103984709, 0,06622661785325219, 0,0657951694959769, 0,0657951694959769, 0,09304842103984709, 0,06622661785325219, 0,09386465089278642, 0,0657951694959769, 0,06622661785325219, 0,06819943394704735, 0,0663723311599972, 0,09304842103984709, 0,09386465089278642, 0,06622661785325219]
            Calculating correlation with: [Jaccard] Jaccard Coefficient External Evaluation
                Spearman correlation: 0,19269452503528264
                Pearson correlation: 0,41697729105019177
        For distance: Pearson Correlation Distance Calculator
            With values: [0,0058100240972416934, 0,0011640056466307785, 0,001208568526694884, 0,0011640056466307785, 0,0011640056466307785, 0,0058100240972416934, 0,0011640056466307785, 0,001208568526694884, 0,0011640056466307785, 0,02826899797193571, 0,04315691236531976, 0,026364699680839015, 0,001208568526694884, 0,0058100240972416934, 0,027374047834092488, 0,006045370966271414, 0,0012111560680201708, 0,0011640056466307785, 0,001208568526694884, 0,0012111560680201708, 0,08043422283273935, 0,0058100240972416934, 0,006229676856178633, 0,04023710950501737, 0,0011640056466307785, 0,001208568526694884, 0,001208568526694884, 0,0802623813326697, 0,04482814971508239, 0,0058100240972416934]
            Calculating correlation with: [Jaccard] Jaccard Coefficient External Evaluation
                Spearman correlation: 0,06612937191793997
                Pearson correlation: 0,5021720845044366
    For criteria : Z-Statistics Criteria Calculator
        For distance: Neighbour Overlap Distance Calculator
            With values: [278,795254302809, 279,7379405087311, 283,45058287095975, 294,58797296128654, 277,3888479604974, 273,81889755075207, 284,12095709792777, 278,57193832625154, 282,5194678147631, 277,93383273077575, 275,9412736092745, 274,14624075746724, 319,34157213905286, 275,8177953973008, 276,47080912426134, 306,8677825612688, 291,51833276510365, 279,24924662381136, 277,38946004430824, 287,9823349105292, 292,38028759747885, 277,7616257142281, 291,9900267561466, 271,2975524676926, 282,0188168474967, 276,2868138045161, 277,6502195213428, 283,99973553671487, 287,71335275371825, 279,77268886540486]
            Calculating correlation with: [Jaccard] Jaccard Coefficient External Evaluation
                Spearman correlation: 0,39045549977653443
                Pearson correlation: 0,40515308397504407
        For distance: Edge Path Distance Calculator
            With values: [17,258824153553388, 18,87919854265366, 17,146577970294217, 19,50374781873671, 18,153915512363664, 16,170899608118393, 12,85532004107842, 14,245445849134237, 18,588509709085056, 17,943813682160613, 16,070165853911455, 17,58117216701561, 17,549512987121997, 16,271633362325336, 19,656287503678655, 18,38704220067116, 19,00007904770199, 14,78940812185174, 15,103121813524794, 16,513394372422006, 17,178237150187833, 18,315089519094776, 17,892007751425602, 11,71846767217148, 14,12456534408591, 16,19968068074895, 17,811420748060048, 15,002388059317848, 11,243579973767313, 15,554984653824512]
            Calculating correlation with: [Jaccard] Jaccard Coefficient External Evaluation
                Spearman correlation: 0,09492107839395043
                Pearson correlation: -0,006550572357994287
        For distance: Adjacency Relation Distance Calculator
            With values: [218,89184779524481, 219,858114013761, 223,3336915886557, 231,5356565435077, 218,1233156120668, 217,20003761874074, 218,81141635311926, 218,57308900894387, 219,8948495220867, 214,43729483213912, 218,65062100058017, 215,53800900271955, 256,15739535441287, 216,02716004040386, 216,34265606910054, 240,5158275520007, 230,8876700427056, 220,837331786165, 217,48070968425844, 223,70629518388628, 231,42127771484866, 218,3515924070745, 228,82156605986907, 210,33308576414484, 220,2926105538409, 217,57394947923592, 218,71415915032702, 214,82327504161353, 223,97563408770887, 220,47599776909195]
            Calculating correlation with: [Jaccard] Jaccard Coefficient External Evaluation
                Spearman correlation: 0,21519932430212446
                Pearson correlation: 0,26337304491098956
        For distance: Pearson Correlation Distance Calculator
            With values: [145,54377330582494, 144,5516069197824, 147,0162075096311, 154,44432147704663, 143,84386480724652, 141,4119230885403, 146,70948738302172, 144,98199925049036, 146,84983287329618, 141,36595609054868, 141,74000651982033, 141,35904746087118, 166,8935582954428, 141,79157404408232, 142,46986738631463, 160,1384107746227, 148,59817271884452, 144,21730712022585, 144,22136863846404, 150,04650956842622, 150,35391973693464, 144,6172138042431, 150,9395303019678, 140,37625406961652, 145,44588326297736, 141,62357634639062, 144,38036163092124, 141,82685853439577, 149,9490171096775, 145,80801228626214]
            Calculating correlation with: [Jaccard] Jaccard Coefficient External Evaluation
                Spearman correlation: 0,23561969814101194
                Pearson correlation: 0,24201298690562464