
########### DATASET ###########
########### Zahary Karate Dataset - Weightened Undirected, ############
External evaluation: [Jaccard] Jaccard Coefficient External Evaluation
With values: [0,8865979381443299, 0,8865979381443299, 0,8865979381443299, 0,8865979381443299, 1,0, 0,8865979381443299, 1,0, 1,0, 1,0, 0,8865979381443299, 1,0, 0,8865979381443299, 0,8865979381443299, 0,8865979381443299, 1,0, 1,0, 0,8865979381443299, 1,0, 1,0, 0,8865979381443299, 0,8865979381443299, 0,8865979381443299, 1,0, 0,8865979381443299, 0,8865979381443299, 0,7928802588996764, 0,7928802588996764, 0,8865979381443299, 0,7928802588996764, 0,8865979381443299]
With average: 0,915026857505088

    For criteria : Modularity Q Criteria Calculator
        For distance: Neighbour Overlap Distance Calculator
            With values: [0,14117988793313463, 0,14117988793313463, 0,2205215419501133, 0,2205215419501133, 0,22736642866512993, 0,14117988793313463, 0,22736642866512993, 0,22736642866512993, 0,22736642866512993, 0,2205215419501133, 0,22736642866512993, 0,2205215419501133, 0,14117988793313463, 0,14117988793313463, 0,22736642866512993, 0,22736642866512993, 0,14117988793313463, 0,22736642866512993, 0,22736642866512993, 0,14117988793313463, 0,14117988793313463, 0,14117988793313463, 0,22736642866512993, 0,2205215419501133, 0,2205215419501133, 0,14181237233185282, 0,14181237233185282, 0,14117988793313463, 0,14181237233185282, 0,2205215419501133]
            Calculating correlation with: [Jaccard] Jaccard Coefficient External Evaluation
                Spearman correlation: 0,7666247746339843
                Pearson correlation: 0,6993025447444453
        For distance: Edge Path Distance Calculator
            With values: [0,14117988793313463, 0,14117988793313463, 0,2205215419501133, 0,2205215419501133, 0,22736642866512993, 0,14117988793313463, 0,22736642866512993, 0,22736642866512993, 0,22736642866512993, 0,2205215419501133, 0,22736642866512993, 0,2205215419501133, 0,14117988793313463, 0,14117988793313463, 0,22736642866512993, 0,22736642866512993, 0,14117988793313463, 0,22736642866512993, 0,22736642866512993, 0,14117988793313463, 0,14117988793313463, 0,14117988793313463, 0,22736642866512993, 0,2205215419501133, 0,2205215419501133, 0,14181237233185282, 0,14181237233185282, 0,14117988793313463, 0,14181237233185282, 0,2205215419501133]
            Calculating correlation with: [Jaccard] Jaccard Coefficient External Evaluation
                Spearman correlation: 0,7666247746339843
                Pearson correlation: 0,6993025447444453
        For distance: Adjacency Relation Distance Calculator
            With values: [0,14117988793313463, 0,14117988793313463, 0,2205215419501133, 0,2205215419501133, 0,22736642866512993, 0,14117988793313463, 0,22736642866512993, 0,22736642866512993, 0,22736642866512993, 0,2205215419501133, 0,22736642866512993, 0,2205215419501133, 0,14117988793313463, 0,14117988793313463, 0,22736642866512993, 0,22736642866512993, 0,14117988793313463, 0,22736642866512993, 0,22736642866512993, 0,14117988793313463, 0,14117988793313463, 0,14117988793313463, 0,22736642866512993, 0,2205215419501133, 0,2205215419501133, 0,14181237233185282, 0,14181237233185282, 0,14117988793313463, 0,14181237233185282, 0,2205215419501133]
            Calculating correlation with: [Jaccard] Jaccard Coefficient External Evaluation
                Spearman correlation: 0,7666247746339843
                Pearson correlation: 0,6993025447444453
        For distance: Pearson Correlation Distance Calculator
            With values: [0,14117988793313463, 0,14117988793313463, 0,2205215419501133, 0,2205215419501133, 0,22736642866512993, 0,14117988793313463, 0,22736642866512993, 0,22736642866512993, 0,22736642866512993, 0,2205215419501133, 0,22736642866512993, 0,2205215419501133, 0,14117988793313463, 0,14117988793313463, 0,22736642866512993, 0,22736642866512993, 0,14117988793313463, 0,22736642866512993, 0,22736642866512993, 0,14117988793313463, 0,14117988793313463, 0,14117988793313463, 0,22736642866512993, 0,2205215419501133, 0,2205215419501133, 0,14181237233185282, 0,14181237233185282, 0,14117988793313463, 0,14181237233185282, 0,2205215419501133]
            Calculating correlation with: [Jaccard] Jaccard Coefficient External Evaluation
                Spearman correlation: 0,7666247746339843
                Pearson correlation: 0,6993025447444453
    For criteria : C Index Criteria Calculator
        For distance: Neighbour Overlap Distance Calculator
            With values: [0,13586693769248218, 0,13586693769248218, 0,16261087631150845, 0,16261087631150845, 0,10260287182724144, 0,13586693769248218, 0,10260287182724144, 0,10260287182724144, 0,10260287182724144, 0,16261087631150845, 0,10260287182724144, 0,16261087631150845, 0,13586693769248218, 0,13586693769248218, 0,10260287182724144, 0,10260287182724144, 0,13586693769248218, 0,10260287182724144, 0,10260287182724144, 0,13586693769248218, 0,13586693769248218, 0,13586693769248218, 0,10260287182724144, 0,16261087631150845, 0,16261087631150845, 0,19723861958125424, 0,19723861958125424, 0,13586693769248218, 0,19723861958125424, 0,16261087631150845]
            Calculating correlation with: [Jaccard] Jaccard Coefficient External Evaluation
                Spearman correlation: -0,924691738476043
                Pearson correlation: -0,9384021134318951
        For distance: Edge Path Distance Calculator
            With values: [0,6693948040246289, 0,6693948040246289, 0,778194924162788, 0,778194924162788, 0,8254993242228571, 0,6693948040246289, 0,8254993242228571, 0,8254993242228571, 0,8254993242228571, 0,778194924162788, 0,8254993242228571, 0,778194924162788, 0,6693948040246289, 0,6693948040246289, 0,8254993242228571, 0,8254993242228571, 0,6693948040246289, 0,8254993242228571, 0,8254993242228571, 0,6693948040246289, 0,6693948040246289, 0,6693948040246289, 0,8254993242228571, 0,778194924162788, 0,778194924162788, 0,6536266706712727, 0,6536266706712727, 0,6693948040246289, 0,6536266706712727, 0,778194924162788]
            Calculating correlation with: [Jaccard] Jaccard Coefficient External Evaluation
                Spearman correlation: 0,9246917384760427
                Pearson correlation: 0,821155797993942
        For distance: Adjacency Relation Distance Calculator
            With values: [0,3832960178161679, 0,3832960178161679, 0,35505209679820143, 0,35505209679820143, 0,3467924696523551, 0,3832960178161679, 0,3467924696523551, 0,3467924696523551, 0,3467924696523551, 0,35505209679820143, 0,3467924696523551, 0,35505209679820143, 0,3832960178161679, 0,3832960178161679, 0,3467924696523551, 0,3467924696523551, 0,3832960178161679, 0,3467924696523551, 0,3467924696523551, 0,3832960178161679, 0,3832960178161679, 0,3832960178161679, 0,3467924696523551, 0,35505209679820143, 0,35505209679820143, 0,39535151706833105, 0,39535151706833105, 0,3832960178161679, 0,39535151706833105, 0,35505209679820143]
            Calculating correlation with: [Jaccard] Jaccard Coefficient External Evaluation
                Spearman correlation: -0,9246917384760429
                Pearson correlation: -0,8205088002691195
        For distance: Pearson Correlation Distance Calculator
            With values: [0,14655261406670522, 0,14655261406670522, 0,16296854705837754, 0,16296854705837754, 0,10051547253145973, 0,14655261406670522, 0,10051547253145973, 0,10051547253145973, 0,10051547253145973, 0,16296854705837754, 0,10051547253145973, 0,16296854705837754, 0,14655261406670522, 0,14655261406670522, 0,10051547253145973, 0,10051547253145973, 0,14655261406670522, 0,10051547253145973, 0,10051547253145973, 0,14655261406670522, 0,14655261406670522, 0,14655261406670522, 0,10051547253145973, 0,16296854705837754, 0,16296854705837754, 0,20897946780933227, 0,20897946780933227, 0,14655261406670522, 0,20897946780933227, 0,16296854705837754]
            Calculating correlation with: [Jaccard] Jaccard Coefficient External Evaluation
                Spearman correlation: -0,924691738476043
                Pearson correlation: -0,9798801634270904
    For criteria : Davies Bouldin Criteria Calculator
        For distance: Neighbour Overlap Distance Calculator
            With values: [1,3482266259454754, 1,3482266259454754, 1,362311285706303, 1,362311285706303, 1,345974702583025, 1,3482266259454754, 1,345974702583025, 1,345974702583025, 1,345974702583025, 1,362311285706303, 1,345974702583025, 1,362311285706303, 1,3482266259454754, 1,3482266259454754, 1,345974702583025, 1,345974702583025, 1,3482266259454754, 1,345974702583025, 1,345974702583025, 1,3482266259454754, 1,3482266259454754, 1,3482266259454754, 1,345974702583025, 1,362311285706303, 1,362311285706303, 1,3774066441902075, 1,3774066441902075, 1,3482266259454754, 1,3774066441902075, 1,362311285706303]
            Calculating correlation with: [Jaccard] Jaccard Coefficient External Evaluation
                Spearman correlation: -0,924691738476043
                Pearson correlation: -0,7653352930087951
        For distance: Edge Path Distance Calculator
            With values: [4,73077140753241E306, 4,73077140753241E306, 3,994873633027368E306, 3,994873633027368E306, 8,738786072247368E306, 4,73077140753241E306, 8,738786072247368E306, 8,738786072247368E306, 8,738786072247368E306, 3,994873633027368E306, 8,738786072247368E306, 3,994873633027368E306, 4,73077140753241E306, 4,73077140753241E306, 8,738786072247368E306, 8,738786072247368E306, 4,73077140753241E306, 8,738786072247368E306, 8,738786072247368E306, 4,73077140753241E306, 4,73077140753241E306, 4,73077140753241E306, 8,738786072247368E306, 3,994873633027368E306, 3,994873633027368E306, 4,49423283715579E306, 4,49423283715579E306, 4,73077140753241E306, 4,49423283715579E306, 3,994873633027368E306]
            Calculating correlation with: [Jaccard] Jaccard Coefficient External Evaluation
                Spearman correlation: 0,8140448637866021
                Pearson correlation: NaN
        For distance: Adjacency Relation Distance Calculator
            With values: [2,41834286033912, 2,41834286033912, 2,2965561146704054, 2,2965561146704054, 2,4215913083514784, 2,41834286033912, 2,4215913083514784, 2,4215913083514784, 2,4215913083514784, 2,2965561146704054, 2,4215913083514784, 2,2965561146704054, 2,41834286033912, 2,41834286033912, 2,4215913083514784, 2,4215913083514784, 2,41834286033912, 2,4215913083514784, 2,4215913083514784, 2,41834286033912, 2,41834286033912, 2,41834286033912, 2,4215913083514784, 2,2965561146704054, 2,2965561146704054, 2,29287060090143, 2,29287060090143, 2,41834286033912, 2,29287060090143, 2,2965561146704054]
            Calculating correlation with: [Jaccard] Jaccard Coefficient External Evaluation
                Spearman correlation: 0,924691738476043
                Pearson correlation: 0,6275868442645333
        For distance: Pearson Correlation Distance Calculator
            With values: [0,9080762752626259, 0,9080762752626259, 0,9743699201727313, 0,9743699201727313, 0,9005721278622926, 0,9080762752626259, 0,9005721278622926, 0,9005721278622926, 0,9005721278622926, 0,9743699201727313, 0,9005721278622926, 0,9743699201727313, 0,9080762752626259, 0,9080762752626259, 0,9005721278622926, 0,9005721278622926, 0,9080762752626259, 0,9005721278622926, 0,9005721278622926, 0,9080762752626259, 0,9080762752626259, 0,9080762752626259, 0,9005721278622926, 0,9743699201727313, 0,9743699201727313, 0,9873823327482935, 0,9873823327482935, 0,9080762752626259, 0,9873823327482935, 0,9743699201727313]
            Calculating correlation with: [Jaccard] Jaccard Coefficient External Evaluation
                Spearman correlation: -0,924691738476043
                Pearson correlation: -0,6984088407652069
    For criteria : Silhouette Width Criteria 2 Calculator
        For distance: Neighbour Overlap Distance Calculator
            With values: [-0,21272599259060382, -0,21272599259060382, -0,20780314856002746, -0,20780314856002746, -0,1914905046960736, -0,21272599259060382, -0,1914905046960736, -0,1914905046960736, -0,1914905046960736, -0,20780314856002746, -0,1914905046960736, -0,20780314856002746, -0,21272599259060382, -0,21272599259060382, -0,1914905046960736, -0,1914905046960736, -0,21272599259060382, -0,1914905046960736, -0,1914905046960736, -0,21272599259060382, -0,21272599259060382, -0,21272599259060382, -0,1914905046960736, -0,20780314856002746, -0,20780314856002746, -0,23428951223504346, -0,23428951223504346, -0,21272599259060382, -0,23428951223504346, -0,20780314856002746]
            Calculating correlation with: [Jaccard] Jaccard Coefficient External Evaluation
                Spearman correlation: 0,9246917384760427
                Pearson correlation: 0,9797296530301332
        For distance: Edge Path Distance Calculator
            With values: [-0,11046937831393902, -0,11046937831393902, -0,045605093263229424, -0,045605093263229424, -0,00927029913877921, -0,11046937831393902, -0,00927029913877921, -0,00927029913877921, -0,00927029913877921, -0,045605093263229424, -0,00927029913877921, -0,045605093263229424, -0,11046937831393902, -0,11046937831393902, -0,00927029913877921, -0,00927029913877921, -0,11046937831393902, -0,00927029913877921, -0,00927029913877921, -0,11046937831393902, -0,11046937831393902, -0,11046937831393902, -0,00927029913877921, -0,045605093263229424, -0,045605093263229424, -0,12646865642808847, -0,12646865642808847, -0,11046937831393902, -0,12646865642808847, -0,045605093263229424]
            Calculating correlation with: [Jaccard] Jaccard Coefficient External Evaluation
                Spearman correlation: 0,9246917384760427
                Pearson correlation: 0,8525617445435753
        For distance: Adjacency Relation Distance Calculator
            With values: [-0,22416182902895193, -0,22416182902895193, -0,20582540472689656, -0,20582540472689656, -0,18859735779952638, -0,22416182902895193, -0,18859735779952638, -0,18859735779952638, -0,18859735779952638, -0,20582540472689656, -0,18859735779952638, -0,20582540472689656, -0,22416182902895193, -0,22416182902895193, -0,18859735779952638, -0,18859735779952638, -0,22416182902895193, -0,18859735779952638, -0,18859735779952638, -0,22416182902895193, -0,22416182902895193, -0,22416182902895193, -0,18859735779952638, -0,20582540472689656, -0,20582540472689656, -0,23901613068615865, -0,23901613068615865, -0,22416182902895193, -0,23901613068615865, -0,20582540472689656]
            Calculating correlation with: [Jaccard] Jaccard Coefficient External Evaluation
                Spearman correlation: 0,9246917384760427
                Pearson correlation: 0,9218760144816406
        For distance: Pearson Correlation Distance Calculator
            With values: [-0,2860582769659349, -0,2860582769659349, -0,279238020666725, -0,279238020666725, -0,35220311411711147, -0,2860582769659349, -0,35220311411711147, -0,35220311411711147, -0,35220311411711147, -0,279238020666725, -0,35220311411711147, -0,279238020666725, -0,2860582769659349, -0,2860582769659349, -0,35220311411711147, -0,35220311411711147, -0,2860582769659349, -0,35220311411711147, -0,35220311411711147, -0,2860582769659349, -0,2860582769659349, -0,2860582769659349, -0,35220311411711147, -0,279238020666725, -0,279238020666725, -0,25859757085905627, -0,25859757085905627, -0,2860582769659349, -0,25859757085905627, -0,279238020666725]
            Calculating correlation with: [Jaccard] Jaccard Coefficient External Evaluation
                Spearman correlation: -0,924691738476043
                Pearson correlation: -0,9733785407808002
    For criteria : Variance Ratio Criteria Calculator
        For distance: Neighbour Overlap Distance Calculator
            With values: [39,971521186814165, 39,971521186814165, 30,635904857764956, 30,635904857764956, 39,86939347814949, 39,971521186814165, 39,86939347814949, 39,86939347814949, 39,86939347814949, 30,635904857764956, 39,86939347814949, 30,635904857764956, 39,971521186814165, 39,971521186814165, 39,86939347814949, 39,86939347814949, 39,971521186814165, 39,86939347814949, 39,86939347814949, 39,971521186814165, 39,971521186814165, 39,971521186814165, 39,86939347814949, 30,635904857764956, 30,635904857764956, 31,051524063236414, 31,051524063236414, 39,971521186814165, 31,051524063236414, 30,635904857764956]
            Calculating correlation with: [Jaccard] Jaccard Coefficient External Evaluation
                Spearman correlation: 0,10274352649733798
                Pearson correlation: 0,5891889395116289
        For distance: Edge Path Distance Calculator
            With values: [1,2104401790279176E-305, 1,2104401790279176E-305, 1,8156602685418763E-305, 1,8156602685418763E-305, 7,262641074167506E-306, 1,2104401790279176E-305, 7,262641074167506E-306, 7,262641074167506E-306, 7,262641074167506E-306, 1,8156602685418763E-305, 7,262641074167506E-306, 1,8156602685418763E-305, 1,2104401790279176E-305, 1,2104401790279176E-305, 7,262641074167506E-306, 7,262641074167506E-306, 1,2104401790279176E-305, 7,262641074167506E-306, 7,262641074167506E-306, 1,2104401790279176E-305, 1,2104401790279176E-305, 1,2104401790279176E-305, 7,262641074167506E-306, 1,8156602685418763E-305, 1,8156602685418763E-305, 1,2104401790279176E-305, 1,2104401790279176E-305, 1,2104401790279176E-305, 1,2104401790279176E-305, 1,8156602685418763E-305]
            Calculating correlation with: [Jaccard] Jaccard Coefficient External Evaluation
                Spearman correlation: -0,7531166798213558
                Pearson correlation: NaN
        For distance: Adjacency Relation Distance Calculator
            With values: [13,539226444313357, 13,539226444313357, 14,55283339931737, 14,55283339931737, 13,943060486858922, 13,539226444313357, 13,943060486858922, 13,943060486858922, 13,943060486858922, 14,55283339931737, 13,943060486858922, 14,55283339931737, 13,539226444313357, 13,539226444313357, 13,943060486858922, 13,943060486858922, 13,539226444313357, 13,943060486858922, 13,943060486858922, 13,539226444313357, 13,539226444313357, 13,539226444313357, 13,943060486858922, 14,55283339931737, 14,55283339931737, 14,055275033085934, 14,055275033085934, 13,539226444313357, 14,055275033085934, 14,55283339931737]
            Calculating correlation with: [Jaccard] Jaccard Coefficient External Evaluation
                Spearman correlation: -0,10274352649733798
                Pearson correlation: -0,06386716885402655
        For distance: Pearson Correlation Distance Calculator
            With values: [39,59702538806689, 39,59702538806689, 38,734343926684446, 38,734343926684446, 41,03079645239889, 39,59702538806689, 41,03079645239889, 41,03079645239889, 41,03079645239889, 38,734343926684446, 41,03079645239889, 38,734343926684446, 39,59702538806689, 39,59702538806689, 41,03079645239889, 41,03079645239889, 39,59702538806689, 41,03079645239889, 41,03079645239889, 39,59702538806689, 39,59702538806689, 39,59702538806689, 41,03079645239889, 38,734343926684446, 38,734343926684446, 37,089900165064726, 37,089900165064726, 39,59702538806689, 37,089900165064726, 38,734343926684446]
            Calculating correlation with: [Jaccard] Jaccard Coefficient External Evaluation
                Spearman correlation: 0,924691738476043
                Pearson correlation: 0,956184341100515
    For criteria : PBM Criteria Calculator
        For distance: Neighbour Overlap Distance Calculator
            With values: [0,021860068592232888, 0,021860068592232888, 0,021660000606451468, 0,021660000606451468, 0,021907959542063423, 0,021860068592232888, 0,021907959542063423, 0,021907959542063423, 0,021907959542063423, 0,021660000606451468, 0,021907959542063423, 0,021660000606451468, 0,021860068592232888, 0,021860068592232888, 0,021907959542063423, 0,021907959542063423, 0,021860068592232888, 0,021907959542063423, 0,021907959542063423, 0,021860068592232888, 0,021860068592232888, 0,021860068592232888, 0,021907959542063423, 0,021660000606451468, 0,021660000606451468, 0,021405002800944217, 0,021405002800944217, 0,021860068592232888, 0,021405002800944217, 0,021660000606451468]
            Calculating correlation with: [Jaccard] Jaccard Coefficient External Evaluation
                Spearman correlation: 0,924691738476043
                Pearson correlation: 0,789704018293825
        For distance: Edge Path Distance Calculator
            With values: [5,562684646268003E-309, 5,562684646268003E-309, 8,344026969402005E-309, 8,344026969402005E-309, 3,3376107877608E-309, 5,562684646268003E-309, 3,3376107877608E-309, 3,3376107877608E-309, 3,3376107877608E-309, 8,344026969402005E-309, 3,3376107877608E-309, 8,344026969402005E-309, 5,562684646268003E-309, 5,562684646268003E-309, 3,3376107877608E-309, 3,3376107877608E-309, 5,562684646268003E-309, 3,3376107877608E-309, 3,3376107877608E-309, 5,562684646268003E-309, 5,562684646268003E-309, 5,562684646268003E-309, 3,3376107877608E-309, 8,344026969402005E-309, 8,344026969402005E-309, 5,562684646268003E-309, 5,562684646268003E-309, 5,562684646268003E-309, 5,562684646268003E-309, 8,344026969402005E-309]
            Calculating correlation with: [Jaccard] Jaccard Coefficient External Evaluation
                Spearman correlation: -0,7531166798213558
                Pearson correlation: NaN
        For distance: Adjacency Relation Distance Calculator
            With values: [0,012079157269005096, 0,012079157269005096, 0,012871896230707287, 0,012871896230707287, 0,01215352093249862, 0,012079157269005096, 0,01215352093249862, 0,01215352093249862, 0,01215352093249862, 0,012871896230707287, 0,01215352093249862, 0,012871896230707287, 0,012079157269005096, 0,012079157269005096, 0,01215352093249862, 0,01215352093249862, 0,012079157269005096, 0,01215352093249862, 0,01215352093249862, 0,012079157269005096, 0,012079157269005096, 0,012079157269005096, 0,01215352093249862, 0,012871896230707287, 0,012871896230707287, 0,012777689959748042, 0,012777689959748042, 0,012079157269005096, 0,012777689959748042, 0,012871896230707287]
            Calculating correlation with: [Jaccard] Jaccard Coefficient External Evaluation
                Spearman correlation: -0,10274352649733798
                Pearson correlation: -0,512973847545524
        For distance: Pearson Correlation Distance Calculator
            With values: [0,03231542346526723, 0,03231542346526723, 0,030430204130769505, 0,030430204130769505, 0,03276699272749977, 0,03231542346526723, 0,03276699272749977, 0,03276699272749977, 0,03276699272749977, 0,030430204130769505, 0,03276699272749977, 0,030430204130769505, 0,03231542346526723, 0,03231542346526723, 0,03276699272749977, 0,03276699272749977, 0,03231542346526723, 0,03276699272749977, 0,03276699272749977, 0,03231542346526723, 0,03231542346526723, 0,03231542346526723, 0,03276699272749977, 0,030430204130769505, 0,030430204130769505, 0,02984676800035439, 0,02984676800035439, 0,03231542346526723, 0,02984676800035439, 0,030430204130769505]
            Calculating correlation with: [Jaccard] Jaccard Coefficient External Evaluation
                Spearman correlation: 0,924691738476043
                Pearson correlation: 0,7608342973964807
    For criteria : Dunn Index Criteria Calculator
        For distance: Neighbour Overlap Distance Calculator
            With values: [0,6, 0,6, 0,25, 0,25, 0,6923076923076923, 0,6, 0,6923076923076923, 0,6923076923076923, 0,6923076923076923, 0,25, 0,6923076923076923, 0,25, 0,6, 0,6, 0,6923076923076923, 0,6923076923076923, 0,6, 0,6923076923076923, 0,6923076923076923, 0,6, 0,6, 0,6, 0,6923076923076923, 0,25, 0,25, 0,25, 0,25, 0,6, 0,25, 0,25]
            Calculating correlation with: [Jaccard] Jaccard Coefficient External Evaluation
                Spearman correlation: 0,8807048459279793
                Pearson correlation: 0,7325172313206582
        For distance: Edge Path Distance Calculator
            With values: [5,562684646268003E-309, 5,562684646268003E-309, 5,562684646268003E-309, 5,562684646268003E-309, 5,562684646268003E-309, 5,562684646268003E-309, 5,562684646268003E-309, 5,562684646268003E-309, 5,562684646268003E-309, 5,562684646268003E-309, 5,562684646268003E-309, 5,562684646268003E-309, 5,562684646268003E-309, 5,562684646268003E-309, 5,562684646268003E-309, 5,562684646268003E-309, 5,562684646268003E-309, 5,562684646268003E-309, 5,562684646268003E-309, 5,562684646268003E-309, 5,562684646268003E-309, 5,562684646268003E-309, 5,562684646268003E-309, 5,562684646268003E-309, 5,562684646268003E-309, 5,562684646268003E-309, 5,562684646268003E-309, 5,562684646268003E-309, 5,562684646268003E-309, 5,562684646268003E-309]
            Calculating correlation with: [Jaccard] Jaccard Coefficient External Evaluation
                Spearman correlation: NaN
                Pearson correlation: NaN
        For distance: Adjacency Relation Distance Calculator
            With values: [0,20942695414584775, 0,20942695414584775, 0,07647191129018725, 0,07647191129018725, 0,24182541670333724, 0,20942695414584775, 0,24182541670333724, 0,24182541670333724, 0,24182541670333724, 0,07647191129018725, 0,24182541670333724, 0,07647191129018725, 0,20942695414584775, 0,20942695414584775, 0,24182541670333724, 0,24182541670333724, 0,20942695414584775, 0,24182541670333724, 0,24182541670333724, 0,20942695414584775, 0,20942695414584775, 0,20942695414584775, 0,24182541670333724, 0,07647191129018725, 0,07647191129018725, 0,06622661785325219, 0,06622661785325219, 0,20942695414584775, 0,06622661785325219, 0,07647191129018725]
            Calculating correlation with: [Jaccard] Jaccard Coefficient External Evaluation
                Spearman correlation: 0,924691738476043
                Pearson correlation: 0,7362951041163112
        For distance: Pearson Correlation Distance Calculator
            With values: [0,32945962310227317, 0,32945962310227317, 0,0450393719280141, 0,0450393719280141, 0,43516601105372393, 0,32945962310227317, 0,43516601105372393, 0,43516601105372393, 0,43516601105372393, 0,0450393719280141, 0,43516601105372393, 0,0450393719280141, 0,32945962310227317, 0,32945962310227317, 0,43516601105372393, 0,43516601105372393, 0,32945962310227317, 0,43516601105372393, 0,43516601105372393, 0,32945962310227317, 0,32945962310227317, 0,32945962310227317, 0,43516601105372393, 0,0450393719280141, 0,0450393719280141, 0,038753468780149264, 0,038753468780149264, 0,32945962310227317, 0,038753468780149264, 0,0450393719280141]
            Calculating correlation with: [Jaccard] Jaccard Coefficient External Evaluation
                Spearman correlation: 0,924691738476043
                Pearson correlation: 0,7713278318392739
    For criteria : Z-Statistics Criteria Calculator
        For distance: Neighbour Overlap Distance Calculator
            With values: [253,05009544453168, 253,05009544453168, 255,03300974532516, 255,03300974532516, 246,96436321488048, 253,05009544453168, 246,96436321488048, 246,96436321488048, 246,96436321488048, 255,03300974532516, 246,96436321488048, 255,03300974532516, 253,05009544453168, 253,05009544453168, 246,96436321488048, 246,96436321488048, 253,05009544453168, 246,96436321488048, 246,96436321488048, 253,05009544453168, 253,05009544453168, 253,05009544453168, 246,96436321488048, 255,03300974532516, 255,03300974532516, 263,6484632625901, 263,6484632625901, 253,05009544453168, 263,6484632625901, 255,03300974532516]
            Calculating correlation with: [Jaccard] Jaccard Coefficient External Evaluation
                Spearman correlation: -0,924691738476043
                Pearson correlation: -0,9692718286482851
        For distance: Edge Path Distance Calculator
            With values: [23,403583160176975, 23,403583160176975, 27,573960584344462, 27,573960584344462, 29,38716816006946, 23,403583160176975, 29,38716816006946, 29,38716816006946, 29,38716816006946, 27,573960584344462, 29,38716816006946, 27,573960584344462, 23,403583160176975, 23,403583160176975, 29,38716816006946, 29,38716816006946, 23,403583160176975, 29,38716816006946, 29,38716816006946, 23,403583160176975, 23,403583160176975, 23,403583160176975, 29,38716816006946, 27,573960584344462, 27,573960584344462, 22,799180634935308, 22,799180634935308, 23,403583160176975, 22,799180634935308, 27,573960584344462]
            Calculating correlation with: [Jaccard] Jaccard Coefficient External Evaluation
                Spearman correlation: 0,9246917384760427
                Pearson correlation: 0,821155797993943
        For distance: Adjacency Relation Distance Calculator
            With values: [201,91896478229685, 201,91896478229685, 197,4161696312678, 197,4161696312678, 193,42696300734065, 201,91896478229685, 193,42696300734065, 193,42696300734065, 193,42696300734065, 197,4161696312678, 193,42696300734065, 197,4161696312678, 201,91896478229685, 201,91896478229685, 193,42696300734065, 193,42696300734065, 201,91896478229685, 193,42696300734065, 193,42696300734065, 201,91896478229685, 201,91896478229685, 201,91896478229685, 193,42696300734065, 197,4161696312678, 197,4161696312678, 208,30012349419314, 208,30012349419314, 201,91896478229685, 208,30012349419314, 197,4161696312678]
            Calculating correlation with: [Jaccard] Jaccard Coefficient External Evaluation
                Spearman correlation: -0,9246917384760429
                Pearson correlation: -0,9254461466051392
        For distance: Pearson Correlation Distance Calculator
            With values: [114,0363555290396, 114,0363555290396, 115,45945332930476, 115,45945332930476, 108,05962076864006, 114,0363555290396, 108,05962076864006, 108,05962076864006, 108,05962076864006, 115,45945332930476, 108,05962076864006, 115,45945332930476, 114,0363555290396, 114,0363555290396, 108,05962076864006, 108,05962076864006, 114,0363555290396, 108,05962076864006, 108,05962076864006, 114,0363555290396, 114,0363555290396, 114,0363555290396, 108,05962076864006, 115,45945332930476, 115,45945332930476, 122,7816547539309, 122,7816547539309, 114,0363555290396, 122,7816547539309, 115,45945332930476]
            Calculating correlation with: [Jaccard] Jaccard Coefficient External Evaluation
                Spearman correlation: -0,924691738476043
                Pearson correlation: -0,9819272144565241
